1.393 217 BAT -16 122 0 0 1 14 14 0
1.420 217 NAVIGATION 6 2 1.2 -3. 0. 10.4 0 0
1.435 217 AIRSPEED_ETS 1639 1590 9.976072
1.458 217 NAVIGATION_REF 398875 5620448 32 300.312012
1.486 217 WP_MOVED 10 398769.09375 5620688. 403.312012 32
1.524 217 GPS 3 39887680 562044480 0 299413 13 35 1802 145185500 32 5
1.572 217 SVINFO 5 16 13 6 32 67 221
1.572 217 AIRSPEED_ETS 1639 1590 9.996858
1.572 217 STATE_FILTER_STATUS 3 0
1.582 217 IMU_GYRO -0.047852 -0.044678 0.069092
1.626 217 AIRSPEED_ETS 1639 1590 10.017644
1.743 217 AIRSPEED_ETS 1639 1590 10.038429
1.754 217 DL_VALUE 39 110.
1.773 217 ATTITUDE 0.024887 1.637115 0.023789
1.825 217 DOWNLINK_STATUS 0 2 1078 60 0 559. 31. 0.
1.837 217 AIRSPEED_ETS 1639 1590 10.059215
1.852 217 ESTIMATOR 299.854828 0.27
1.944 217 AIRSPEED_ETS 1640 1590 10.090235
1.977 217 GPS 3 39887680 562044480 0 299330 12 27 1802 145186000 32 6
1.992 217 SVINFO 6 18 13 5 30 47 107
2.011 217 AIRSPEED_ETS 1639 1590 10.090235
2.042 217 IMU_MAG 0. 0. 0.
2.064 217 IMU_ACCEL 0.674805 0.291992 -9.253906
2.143 217 AIRSPEED_ETS 1639 1590 10.090235
2.181 217 DESIRED 0. 0. 4.6 -123. -17. 403. 3. 20.
2.240 217 AIRSPEED_ETS 1639 1590 10.090235
2.259 217 CIRCLE 20. 44. 110.
2.342 217 AIRSPEED_ETS 1639 1590 10.090235
2.353 217 CALIBRATION 0. 0
2.386 217 NAVIGATION 6 2 1.2 -3. 0. 10.4 0 0
2.442 217 AIRSPEED_ETS 1639 1590 10.090235
2.471 217 BAT -16 122 0 0 1 16 16 0
2.489 217 IMU_GYRO -0.049805 -0.044678 0.067871
2.508 217 ATTITUDE 0.02485 1.637481 0.023826
2.528 217 ESTIMATOR 299.669373 0.23
2.565 217 GPS 3 39887680 562044480 0 299282 5 23 1802 145186500 32 7
2.581 217 AIRSPEED_ETS 1639 1590 10.090235
2.597 217 GPS_SOL 967 132 190 9
2.622 217 WP_MOVED 11 399103.8125 5620694.5 403.312012 32
2.633 217 AIRSPEED_ETS 1639 1590 10.090235
2.742 217 AIRSPEED_ETS 1639 1590 10.090235
2.765 217 AIRSPEED 10.090235 20. 0. 0.
2.826 217 DOWNLINK_STATUS 0 3 1571 87 0 493. 27. 0.
2.840 217 AIRSPEED_ETS 1639 1590 10.090235
2.859 217 IMU_ACCEL 0.626953 0.277344 -9.306641
2.942 217 AIRSPEED_ETS 1635 1590 10.037982
2.954 217 DL_VALUE 40 0.
2.995 217 GPS 3 39887680 562044480 0 299197 35 33 1802 145187000 32 8
3.009 217 SVINFO 8 21 13 6 30 52 65
3.025 217 AIRSPEED_ETS 1635 1590 9.995963
3.035 217 DOWNLINK 2 525 3552
3.057 217 ESTIMATOR 299.575134 0.33
3.141 217 AIRSPEED_ETS 1635 1590 9.953944
3.159 217 ATTITUDE 0.024857 1.638102 0.02382
3.204 217 DESIRED 0. 0. 4.6 -123. -17. 403. 3. 20.
3.218 217 AIRSPEED_ETS 1636 1590 9.9226
3.291 217 CIRCLE 20. 44. 110.
3.314 217 AIRSPEED_ETS 1639 1590 9.9226
3.354 217 NAVIGATION 6 2 1.2 -3. 0. 10.4 0 0
3.372 217 IMU_GYRO -0.047852 -0.045654 0.067871
3.442 217 AIRSPEED_ETS 1639 1590 9.9226
3.477 217 GPS 3 39887680 562044480 0 299092 48 57 1802 145187500 32 9
3.491 217 SVINFO 9 22 13 6 33 32 158
3.511 217 AIRSPEED_ETS 1639 1590 9.9226
3.546 217 ENERGY 12.2 0. 0 0.
3.568 217 BAT -16 122 0 0 1 17 17 0
3.642 217 AIRSPEED_ETS 1640 1590 9.932834
3.664 217 WP_MOVED 12 399291.3125 5620379.5 403.312012 32
3.683 217 IMU_ACCEL 0.636719 0.291992 -9.311523
3.698 217 ESTIMATOR 299.464905 0.72
3.713 217 AIRSPEED_ETS 1640 1590 9.943068
3.722 217 STATE_FILTER_STATUS 3 0
3.827 217 DOWNLINK_STATUS 0 4 2079 116 0 508. 29. 0.
3.843 217 FBW_STATUS 0 46 0 122 0
3.866 217 AIRSPEED_ETS 1637 1590 9.922281
3.887 217 ATTITUDE 0.024996 1.638554 0.02394
3.942 217 AIRSPEED_ETS 1637 1590 9.943515
3.961 217 IMU_MAG 0. 0. 0.
4.002 217 GPS 3 39887644 562044480 0 299054 13 65 1802 145188000 32 10
4.017 217 SVINFO 10 26 12 4 22 5 29
4.031 217 AIRSPEED_ETS 1637 1590 9.964747
4.143 217 AIRSPEED_ETS 1638 1590 9.996428
4.165 217 AIRSPEED 9.996428 20. 0. 0.
4.176 217 DL_VALUE 41 2.
4.242 217 AIRSPEED_ETS 1637 1590 10.006987
4.288 217 DESIRED 0. 0. 4.6 -123. -16. 403. 3. 20.
4.306 217 IMU_GYRO -0.049805 -0.045654 0.069092
4.321 217 ESTIMATOR 299.481689 0.43
4.335 217 AIRSPEED_ETS 1637 1590 9.986201
4.358 217 CIRCLE 20. 44. 110.
4.385 217 NAVIGATION 6 2 0.8 -3. 0. 9.7 0 0
4.410 217 AIRSPEED_ETS 1639 1590 9.986201
4.434 217 CALIBRATION 0. 0
4.453 217 IMU_ACCEL 0.641602 0.287109 -9.326172
4.498 217 GPS 3 39887644 562044480 0 299070 23 61 1802 145188500 32 11
4.528 217 SVINFO 11 27 13 7 33 60 292
4.542 217 AIRSPEED_ETS 1639 1590 9.986201
4.560 217 GPS_SOL 963 131 190 9
4.581 217 ATTITUDE 0.025125 1.639093 0.023711
4.641 217 AIRSPEED_ETS 1639 1590 9.975967
4.663 217 BAT -2 122 0 0 1 18 18 0
4.741 217 AIRSPEED_ETS 1639 1590 9.965734
4.762 217 WP_MOVED 13 398483.40625 5620261.5 403.312012 32
4.828 217 DOWNLINK_STATUS 0 5 2616 146 0 537. 30. 0.
4.838 217 AIRSPEED_ETS 1640 1590 9.996753
4.852 217 ESTIMATOR 299.555115 0.75
4.943 217 AIRSPEED_ETS 1640 1590 10.027773
4.977 217 GPS 3 39887644 562044480 0 299221 6 75 1802 145189000 32 12
4.992 217 SVINFO 12 29 12 4 16 2 102
5.006 217 AIRSPEED_ETS 1639 1590 10.048558
5.141 217 AIRSPEED_ETS 1640 1590 10.06913
5.160 217 IMU_GYRO -0.047852 -0.044678 0.069092
5.243 217 AIRSPEED_ETS 1640 1590 10.100149
5.261 217 IMU_ACCEL 0.636719 0.291992 -9.253906
5.282 217 ATTITUDE 0.025218 1.639717 0.023702
5.327 217 DESIRED 0. 0. 4.6 -123. -16. 403. 3. 20.
5.348 217 AIRSPEED_ETS 1640 1590 10.131168
5.359 217 DL_VALUE 42 0.
5.399 217 NAVIGATION 6 2 0.8 -3. 0. 9.7 0 0
5.409 217 CIRCLE 20. 44. 110.
5.439 217 ACTUATORS |1110,1479,1458,1512,1495,1950,0|
5.448 217 AIRSPEED_ETS 1640 1590 10.141401
5.472 217 ESTIMATOR 299.689178 0.48
5.515 217 GPS 3 39887644 562044480 0 299452 43 48 1802 145189500 32 13
5.531 217 AIRSPEED_ETS 1640 1590 10.151635
5.553 217 AIRSPEED 10.151635 20. 0. 0.
5.687 217 COMMANDS |-16,140,0,84,-9744,9324,0|
5.701 217 AIRSPEED_ETS 1640 1590 10.161869
5.707 217 PONG 
5.722 217 AIRSPEED_ETS 1639 1590 10.161869
5.743 217 BAT -16 122 0 0 1 0 0 0
5.828 217 DOWNLINK_STATUS 0 6 3102 173 0 486. 27. 382.15
5.843 217 AIRSPEED_ETS 1635 1590 10.109617
5.856 217 PPRZ_MODE 0 3 3 2 0 17
5.875 217 IMU_MAG 0. 0. 0.
5.895 217 WP_MOVED 14 398498.8125 5620741. 403.312012 32
5.914 217 AIRSPEED_ETS 1635 1590 10.057364
5.950 217 ALIVE |96,136,117,93,55,221,101,134,146,155,15,253,31,192,217,187|
5.961 217 STATE_FILTER_STATUS 3 0
5.988 217 ATTITUDE 0.02513 1.640071 0.023527
6.031 217 GPS 3 39887644 562044480 0 299599 31 39 1802 145190000 32 14
6.046 217 AIRSPEED_ETS 1636 1590 10.02602
6.072 217 ENERGY 12.2 0. 0 0.
6.091 217 IMU_GYRO -0.047852 -0.045654 0.067871
6.118 217 IMU_ACCEL 0.665039 0.282227 -9.263672
6.131 217 ESTIMATOR 299.784088 0.39
6.146 217 AIRSPEED_ETS 1637 1590 9.995001
6.227 217 AIRSPEED_ETS 1637 1590 9.963982
6.344 217 AIRSPEED_ETS 1640 1590 9.963982
6.395 217 DESIRED 0. 0. 5. -109. 28. 403. 3. 20.
6.417 217 NAVIGATION 5 1 0.8 -3. 0. 9.7 0 0
6.430 217 AIRSPEED_ETS 1639 1590 9.953749
6.449 217 CIRCLE 42.099998 64. 110.
6.485 217 GPS 3 39887644 562044480 0 299776 21 35 1802 145190500 32 15
6.513 217 AIRSPEED_ETS 1639 1590 9.943514
6.524 217 CALIBRATION 0. 0
6.555 217 GPS_SOL 959 135 190 9
6.565 217 DL_VALUE 43 0.
6.643 217 AIRSPEED_ETS 1640 1590 9.943514
6.662 217 ATTITUDE 0.025097 1.640785 0.023563
6.676 217 ESTIMATOR 299.912506 0.35
6.727 217 AIRSPEED_ETS 1641 1590 9.963881
6.830 217 DOWNLINK_STATUS 0 7 3631 203 0 529. 30. 382.15
6.843 217 AIRSPEED_ETS 1641 1590 10.026264
6.865 217 BAT -16 122 0 0 1 1 1 0
6.890 217 IMU_ACCEL 0.651367 0.287109 -9.258789
6.943 217 AIRSPEED_ETS 1640 1590 10.078516
6.972 217 AIRSPEED 10.078516 20. 0. 0.
6.993 217 WP_MOVED 15 399232.1875 5620837.5 403.312012 32
7.017 217 IMU_GYRO -0.048828 -0.046631 0.067871
7.051 217 GPS 3 39887644 562044480 0 299882 72 56 1802 145191000 32 16
7.066 217 AIRSPEED_ETS 1637 1590 10.089075
7.129 217 AIRSPEED_ETS 1637 1590 10.089075
7.238 217 AIRSPEED_ETS 1635 1590 10.067842
7.254 217 ESTIMATOR 300.055298 0.64
7.343 217 AIRSPEED_ETS 1634 1590 10.004797
7.377 217 NAVIGATION 5 1 0.8 -3. 0. 9.7 0 0
7.396 217 ATTITUDE 0.025017 1.641322 0.023559
7.441 217 DESIRED 0. 0. 5. -109. 28. 403. 3. 20.
7.453 217 AIRSPEED_ETS 1634 1590 9.951984
7.487 217 GPS 3 39887644 562044480 0 299905 19 73 1802 145191500 32 17
7.507 217 CIRCLE 42.099998 64. 110.
7.521 217 AIRSPEED_ETS 1638 1590 9.941647
7.642 217 AIRSPEED_ETS 1637 1590 9.910627
7.660 217 IMU_ACCEL 0.660156 0.305664 -9.296875
7.743 217 AIRSPEED_ETS 1639 1590 9.890261
7.762 217 IMU_MAG 0. 0. 0.
7.773 217 DL_VALUE 44 0.
7.829 217 DOWNLINK_STATUS 0 8 4097 228 0 466. 25. 382.15
7.844 217 FBW_STATUS 0 45 0 122 0
7.858 217 AIRSPEED_ETS 1639 1590 9.869895
7.877 217 IMU_GYRO -0.048828 -0.045654 0.067871
7.895 217 ESTIMATOR 300.258087 0.75
7.911 217 AIRSPEED_ETS 1640 1590 9.869895
7.946 217 BAT -16 122 0 0 1 2 2 0
7.984 217 GPS 3 39887644 562044480 0 299926 37 75 1802 145192000 32 18
8.013 217 AIRSPEED_ETS 1639 1590 9.89068
8.046 217 WP_MOVED 16 398840.3125 5620539.5 330.312012 32
8.065 217 ATTITUDE 0.025116 1.641864 0.023722
8.142 217 AIRSPEED_ETS 1639 1590 9.911467
8.154 217 DOWNLINK 2 0 3697
8.163 217 STATE_FILTER_STATUS 3 0
8.226 217 AIRSPEED_ETS 1639 1590 9.953485
8.343 217 AIRSPEED_ETS 1639 1590 10.006298
8.366 217 AIRSPEED 10.006298 20. 0. 0.
8.402 217 NAVIGATION 5 1 0.8 -3. 0. 9.7 0 0
8.412 217 AIRSPEED_ETS 1639 1590 10.059111
8.475 217 DESIRED 0. 0. 5. -109. 28. 403. 3. 20.
8.493 217 IMU_ACCEL 0.646484 0.282227 -9.291992
8.516 217 ESTIMATOR 300.412231 0.59
8.557 217 GPS 3 39887644 562044480 0 299993 29 59 1802 145192500 32 19
8.572 217 AIRSPEED_ETS 1639 1590 10.069448
8.594 217 ENERGY 12.2 0. 0 0.
8.610 217 GPS_SOL 954 153 191 9
8.631 217 CIRCLE 42.099998 64. 110.
8.643 217 AIRSPEED_ETS 1639 1590 10.090235
8.655 217 CALIBRATION 0. 0
8.742 217 AIRSPEED_ETS 1639 1590 10.090235
8.761 217 IMU_GYRO -0.049805 -0.044678 0.069092
8.780 217 ATTITUDE 0.025083 1.642579 0.023759
8.826 217 AIRSPEED_ETS 1639 1590 10.090235
8.829 217 DOWNLINK_STATUS 0 9 4663 260 0 566. 32. 382.15
8.942 217 AIRSPEED_ETS 1639 1590 10.080001
8.953 217 DL_VALUE 45 0.
8.989 217 GPS 3 39887644 562044480 0 299965 41 89 1802 145193000 32 20
9.007 217 AIRSPEED_ETS 1639 1590 10.080001
9.044 217 BAT -16 122 0 0 1 3 3 0
9.058 217 ESTIMATOR 300.403961 0.89
9.144 217 AIRSPEED_ETS 1640 1590 10.090235
9.163 217 WP_MOVED 17 397275. 5620412. 403.312012 32
9.241 217 AIRSPEED_ETS 1640 1590 10.100468
9.260 217 IMU_ACCEL 0.651367 0.272461 -9.273438
9.343 217 AIRSPEED_ETS 1640 1590 10.110701
9.370 217 NAVIGATION 5 1 0.8 -3. 0. 9.7 0 0
9.442 217 AIRSPEED_ETS 1640 1590 10.120934
9.460 217 ATTITUDE 0.025137 1.643126 0.023878
9.502 217 GPS 3 39887644 562044480 0 300045 31 109 1802 145193500 32 21
9.546 217 DESIRED 0. 0. 5. -109. 28. 403. 3. 20.
9.561 217 AIRSPEED_ETS 1639 1590 10.120934
9.579 217 CIRCLE 42.099998 64. 110.
9.644 217 AIRSPEED_ETS 1639 1590 10.120934
9.662 217 IMU_MAG 0. 0. 0.
9.681 217 IMU_GYRO -0.048828 -0.045654 0.067871
9.697 217 ESTIMATOR 300.63385 0.85
9.715 217 AIRSPEED_ETS 1639 1590 10.120934
9.738 217 AIRSPEED 10.120934 20. 0. 0.
9.826 217 AIRSPEED_ETS 1639 1590 10.120934
9.831 217 DOWNLINK_STATUS 0 10 5125 285 0 462. 25. 382.15
9.943 217 AIRSPEED_ETS 1639 1590 10.120934
9.977 217 GPS 3 39887644 562044480 0 300120 36 63 1802 145194000 32 22
10.041 217 AIRSPEED_ETS 1635 1590 10.078916
10.060 217 IMU_ACCEL 0.641602 0.282227 -9.287109
10.143 217 AIRSPEED_ETS 1635 1590 10.026663
10.153 217 DL_VALUE 46 0.
10.177 217 BAT -16 122 0 0 1 4 4 0
10.196 217 ATTITUDE 0.025236 1.643665 0.024042
10.215 217 AIRSPEED_ETS 1636 1590 9.985085
10.242 217 WP_MOVED 18 397275. 5620412. 403.312012 32
10.258 217 ESTIMATOR 300.637787 0.48
10.344 217 AIRSPEED_ETS 1636 1590 9.943507
10.353 217 STATE_FILTER_STATUS 3 0
10.380 217 NAVIGATION 5 1 1.2 -3. 0. 10.4 0 0
10.631 217 AIRSPEED_ETS 1637 1590 9.891703
10.649 217 CIRCLE 42.099998 64. 110.
10.735 217 AIRSPEED_ETS 1637 1590 9.870916
10.747 217 CALIBRATION 0. 0
10.831 217 DOWNLINK_STATUS 0 11 5422 303 0 297. 18. -4618.47
10.843 217 AIRSPEED_ETS 1637 1590 9.850131
10.855 217 PPRZ_MODE 0 3 3 2 0 17
10.881 217 IMU_ACCEL 0.655273 0.296875 -9.277344
10.907 217 ATTITUDE 0.025246 1.644211 0.02412
10.914 217 ESTIMATOR 300.609894 0.21
10.928 217 AIRSPEED_ETS 1637 1590 9.829346
10.952 217 ALIVE |96,136,117,93,55,221,101,134,146,155,15,253,31,192,217,187|
10.994 217 GPS 3 39887644 562044480 0 300328 61 21 1802 145195000 32 24
11.015 217 AIRSPEED_ETS 1637 1590 9.850578
11.036 217 ENERGY 12.2 0. 0 0.
11.144 217 AIRSPEED_ETS 1637 1590 9.871811
11.167 217 AIRSPEED 9.871811 20. 0. 0.
11.243 217 AIRSPEED_ETS 1637 1590 9.88237
11.264 217 BAT -16 122 0 0 1 5 5 0
11.345 217 AIRSPEED_ETS 1636 1590 9.88237
11.353 217 DL_VALUE 47 220.
11.381 217 WP_MOVED 19 398744.8125 5620430.5 300.312012 32
11.409 217 NAVIGATION 5 1 0.8 -3. 0. 9.7 0 0
11.423 217 AIRSPEED_ETS 1635 1590 9.840351
11.440 217 IMU_GYRO -0.048828 -0.044678 0.069092
11.466 217 ESTIMATOR 300.608917 0.53
11.499 217 GPS 3 39887644 562044480 0 300383 50 53 1802 145195500 32 25
11.524 217 AIRSPEED_ETS 1635 1590 9.819118
11.549 217 IMU_MAG 0. 0. 0.
11.567 217 ATTITUDE 0.025299 1.644925 0.024154
11.635 217 DESIRED 0. 0. 5. -109. 28. 403. 3. 20.
11.648 217 AIRSPEED_ETS 1639 1590 9.839904
11.668 217 IMU_ACCEL 0.655273 0.296875 -9.334961
11.688 217 CIRCLE 42.099998 64. 110.
11.703 217 AIRSPEED_ETS 1640 1590 9.870924
11.831 217 DOWNLINK_STATUS 0 12 5975 333 0 553. 30. -4618.47
11.838 217 FBW_STATUS 0 45 0 122 0
11.853 217 AIRSPEED_ETS 1640 1590 9.901943
11.942 217 AIRSPEED_ETS 1640 1590 9.932962
11.977 217 GPS 3 39887644 562044416 0 300199 18 61 1802 145196000 32 26
12.037 217 AIRSPEED_ETS 1639 1590 9.953749
12.052 217 ESTIMATOR 300.602753 0.61
12.126 217 AIRSPEED_ETS 1639 1590 9.974534
12.240 217 AIRSPEED_ETS 1639 1590 9.99532
12.259 217 ATTITUDE 0.025441 1.645558 0.024272
12.342 217 AIRSPEED_ETS 1640 1590 10.036898
12.371 217 BAT -16 122 0 0 1 6 6 0
12.401 217 NAVIGATION 5 1 0.8 -4. 0. 16.7 0 0
12.416 217 IMU_GYRO -0.048828 -0.046631 0.067871
12.430 217 AIRSPEED_ETS 1640 1590 10.08915
12.453 217 WP_MOVED 20 398916.5 5620561.5 500.312012 32
12.480 217 IMU_ACCEL 0.665039 0.291992 -9.277344
12.514 217 GPS 3 39887680 562044416 0 300602 61 90 1802 145196500 32 27
12.529 217 AIRSPEED_ETS 1639 1590 10.131169
12.547 217 STATE_FILTER_STATUS 3 0
12.565 217 GPS_SOL 957 134 191 9
12.586 217 AIRSPEED 10.131169 20. 0. 0.
12.598 217 DL_VALUE 48 0.041888
12.624 217 AIRSPEED_ETS 1639 1590 10.131169
12.674 217 DESIRED 0. 0. 5. -109. 27. 403. 3. 20.
12.690 217 ESTIMATOR 300.858246 0.93
12.716 217 AIRSPEED_ETS 1638 1590 10.110597
12.735 217 CIRCLE 42.099998 64. 110.
12.831 217 DOWNLINK_STATUS 0 13 6460 360 0 485. 27. -4618.47
12.836 217 AIRSPEED_ETS 1638 1590 10.090024
12.847 217 CALIBRATION 0. 0
12.944 217 AIRSPEED_ETS 1634 1590 10.026978
12.963 217 ATTITUDE 0.025447 1.646009 0.024265
12.996 217 GPS 3 39887680 562044480 0 300339 93 93 1802 145197000 32 28
13.010 217 AIRSPEED_ETS 1635 1590 9.984959
13.126 217 AIRSPEED_ETS 1635 1590 9.942941
13.242 217 AIRSPEED_ETS 1636 1590 9.911596
13.253 217 DOWNLINK 2 480 3833
13.279 217 IMU_GYRO -0.049805 -0.044678 0.069092
13.298 217 IMU_ACCEL 0.631836 0.282227 -9.291992
13.312 217 ESTIMATOR 300.950195 0.93
13.327 217 AIRSPEED_ETS 1639 1590 9.901362
13.354 217 NAVIGATION 5 1 1.2 -3. 0. 10.4 0 0
13.443 217 AIRSPEED_ETS 1639 1590 9.891129
13.462 217 IMU_MAG 0. 0. 0.
13.489 217 BAT -16 122 0 0 1 8 8 0
13.524 217 GPS 3 39887680 562044480 0 300641 10 111 1802 145197500 32 29
13.538 217 AIRSPEED_ETS 1640 1590 9.901362
13.564 217 ENERGY 12.2 0. 0 0.
13.585 217 WP_MOVED 0 398917. 5620490. 403.312012 32
13.609 217 AIRSPEED_ETS 1638 1590 9.891024
13.630 217 ATTITUDE 0.025497 1.646462 0.0243
13.718 217 DESIRED 0. 0. 5. -109. 27. 403. 3. 20.
13.736 217 AIRSPEED_ETS 1638 1590 9.891024
13.743 217 DL_VALUE 49 0.
13.767 217 CIRCLE 42.099998 64. 110.
13.812 217 AIRSPEED_ETS 1636 1590 9.870019
13.827 217 ESTIMATOR 301.263123 1.08
13.832 217 DOWNLINK_STATUS 0 14 6974 389 0 514. 29. -4618.47
13.942 217 AIRSPEED_ETS 1635 1590 9.880812
13.972 217 AIRSPEED 9.880812 20. 0. 0.
14.006 217 GPS 3 39887680 562044480 0 300875 28 108 1802 145198000 32 30
14.020 217 SVINFO 0 3 13 4 29 34 291
14.035 217 AIRSPEED_ETS 1635 1590 9.880812
14.055 217 IMU_ACCEL 0.62207 0.282227 -9.321289
14.141 217 AIRSPEED_ETS 1637 1590 9.902044
14.160 217 IMU_GYRO -0.049805 -0.045654 0.067871
14.163 217 WIND_INFO 217 42 0. 0. 0.
14.226 217 AIRSPEED_ETS 1638 1590 9.92305
14.381 217 AIRSPEED_ETS 1638 1590 9.91271
14.409 217 NAVIGATION 5 1 1.2 -3. 0. 10.4 0 0
14.426 217 ATTITUDE 0.025422 1.647085 0.024384
14.446 217 WIND_INFO_RET 0. 0. 9.91271
14.459 217 AIRSPEED_ETS 1638 1590 9.902371
14.474 217 ESTIMATOR 301.49173 0.8
14.512 217 GPS 3 39887680 562044480 0 301128 15 80 1802 145198500 32 1
14.523 217 SVINFO 1 7 13 4 23 16 318
14.537 217 AIRSPEED_ETS 1639 1590 9.892138
14.555 217 GPS_SOL 964 133 191 9
14.577 217 BAT -16 122 0 0 1 9 9 0
14.642 217 AIRSPEED_ETS 1639 1590 9.902476
14.664 217 WP_MOVED 1 398874.1875 5620446.5 403.312012 32
14.744 217 AIRSPEED_ETS 1639 1590 9.912814
14.753 217 STATE_FILTER_STATUS 3 0
14.793 217 DESIRED 0. 0. 5. -109. 27. 403. 3. 20.
14.812 217 AIRSPEED_ETS 1639 1590 9.944159
14.835 217 DOWNLINK_STATUS 0 15 7447 415 0 473. 26. -4618.47
14.844 217 CIRCLE 42.099998 64. 110.
14.863 217 IMU_ACCEL 0.646484 0.305664 -9.287109
14.942 217 AIRSPEED_ETS 1639 1590 9.986178
14.954 217 CALIBRATION 0. 0
14.973 217 DL_VALUE 50 0.
15.007 217 GPS 3 39887680 562044480 0 300954 38 55 1802 145199000 32 2
15.022 217 SVINFO 2 8 13 4 15 10 335
15.036 217 AIRSPEED_ETS 1639 1590 10.028196
15.058 217 IMU_GYRO -0.048828 -0.045654 0.067871
15.077 217 ATTITUDE 0.025469 1.647536 0.024332
15.099 217 ESTIMATOR 301.493591 0.55
15.106 217 AIRSPEED_ETS 1639 1590 10.048984
15.227 217 AIRSPEED_ETS 1639 1590 10.059323
15.342 217 AIRSPEED_ETS 1639 1590 10.069662
15.361 217 IMU_MAG 0. 0. 0.
15.411 217 AIRSPEED 10.069662 20. 0. 0.
15.418 217 NAVIGATION 5 1 1.2 -3. 0. 10.4 0 0
15.440 217 ACTUATORS |1110,1479,1458,1512,1495,1950,0|
15.455 217 AIRSPEED_ETS 1636 1590 10.048656
15.490 217 GPS 3 39887644 562044480 0 300954 43 60 1802 145199500 32 3
15.505 217 AIRSPEED_ETS 1636 1590 10.017312
15.649 217 COMMANDS |-16,140,0,84,-9744,9352,0|
15.670 217 AIRSPEED_ETS 1636 1590 9.985968
15.675 217 PONG 
15.698 217 BAT -16 122 0 0 1 10 10 0
15.719 217 IMU_ACCEL 0.655273 0.282227 -9.268555
15.735 217 ESTIMATOR 301.431824 0.46
15.748 217 AIRSPEED_ETS 1637 1590 9.965181
15.770 217 WP_MOVED 2 398874.96875 5620448. 403.312012 32
15.789 217 ATTITUDE 0.025474 1.647987 0.024326
15.834 217 DESIRED 0. 0. 5. -109. 28. 403. 3. 20.
15.836 217 DOWNLINK_STATUS 0 16 8004 446 0 557. 31. 349.44
15.855 217 FBW_STATUS 0 45 0 122 0
15.868 217 AIRSPEED_ETS 1639 1590 9.965181
15.880 217 PPRZ_MODE 0 3 3 2 0 17
15.905 217 CIRCLE 42.099998 64. 110.
15.913 217 AIRSPEED_ETS 1639 1590 9.965181
15.947 217 ALIVE |96,136,117,93,55,221,101,134,146,155,15,253,31,192,217,187|
15.976 217 IMU_GYRO -0.048828 -0.044678 0.069092
16.018 217 GPS 3 39887644 562044480 0 300709 21 66 1802 145200000 32 4
16.033 217 SVINFO 4 15 13 4 21 7 62
16.049 217 AIRSPEED_ETS 1639 1590 9.965181
16.070 217 ENERGY 12.2 0. 0 0.
16.135 217 AIRSPEED_ETS 1638 1590 9.954844
16.145 217 DL_VALUE 51 0.
16.237 217 AIRSPEED_ETS 1638 1590 9.944504
16.252 217 ESTIMATOR 301.23941 0.55
16.342 217 AIRSPEED_ETS 1638 1590 9.934164
16.369 217 NAVIGATION 5 1 0.8 -3. 0. 9.7 0 0
16.442 217 AIRSPEED_ETS 1638 1590 9.95517
16.460 217 IMU_ACCEL 0.636719 0.287109 -9.268555
16.486 217 ATTITUDE 0.025481 1.648525 0.02432
16.525 217 GPS 3 39887644 562044480 0 300630 31 45 1802 145200500 32 5
16.540 217 SVINFO 5 16 13 7 32 67 220
16.555 217 AIRSPEED_ETS 1638 1590 9.976175
16.572 217 GPS_SOL 972 136 191 9
16.626 217 AIRSPEED_ETS 1637 1590 9.986734
16.742 217 AIRSPEED_ETS 1638 1590 9.99718
16.765 217 AIRSPEED 9.99718 20. 0. 0.
16.787 217 BAT -16 122 0 0 1 11 11 0
16.806 217 AIRSPEED_ETS 1638 1590 9.986842
16.837 217 DOWNLINK_STATUS 0 17 8505 475 0 501. 29. 349.44
16.842 217 WP_MOVED 3 398917.09375 5620512. 403.312012 32
16.914 217 DESIRED 0. 0. 5. -109. 28. 403. 3. 20.
16.919 217 IMU_GYRO -0.048828 -0.045654 0.067871
16.933 217 ESTIMATOR 301.128601 0.5
16.954 217 AIRSPEED_ETS 1639 1590 9.986842
16.967 217 STATE_FILTER_STATUS 3 0
16.988 217 CIRCLE 42.099998 64. 110.
17.021 217 GPS 3 39887644 562044480 0 300727 53 50 1802 145201000 32 6
17.043 217 SVINFO 6 18 13 4 30 47 107
17.058 217 AIRSPEED_ETS 1639 1590 9.986842
17.070 217 CALIBRATION 0. 0
17.141 217 AIRSPEED_ETS 1639 1590 9.997182
17.160 217 ATTITUDE 0.025531 1.648979 0.024355
17.242 217 AIRSPEED_ETS 1639 1590 10.007521
17.261 217 IMU_MAG 0. 0. 0.
17.279 217 IMU_ACCEL 0.641602 0.296875 -9.316406
17.342 217 AIRSPEED_ETS 1637 1590 9.997073
17.354 217 DL_VALUE 52 0.
17.379 217 NAVIGATION 5 1 0.8 -3. 0. 9.7 0 0
17.443 217 AIRSPEED_ETS 1637 1590 9.986628
17.457 217 ESTIMATOR 301.177734 0.68
17.492 217 GPS 3 39887600 562044480 0 300819 42 68 1802 145201500 32 7
17.506 217 AIRSPEED_ETS 1636 1590 9.965622
17.626 217 AIRSPEED_ETS 1637 1590 9.965622
17.741 217 AIRSPEED_ETS 1637 1590 9.955174
17.759 217 IMU_GYRO -0.048828 -0.045654 0.069092
17.837 217 DOWNLINK_STATUS 0 18 8962 501 0 457. 26. 349.44
17.843 217 AIRSPEED_ETS 1637 1590 9.944728
17.865 217 BAT -16 122 0 0 1 12 12 0
17.887 217 ATTITUDE 0.025666 1.649608 0.024299
17.930 217 DESIRED 0. 0. 5. -109. 29. 403. 3. 20.
17.943 217 AIRSPEED_ETS 1639 1590 9.944728
17.970 217 WP_MOVED 4 398895. 5620492. 403.312012 32
18.010 217 GPS 3 39887600 562044480 0 300811 11 61 1802 145202000 32 8
18.025 217 SVINFO 8 21 13 4 30 52 65
18.047 217 CIRCLE 42.099998 64. 110.
18.062 217 AIRSPEED_ETS 1639 1590 9.944728
18.080 217 IMU_ACCEL 0.704102 0.272461 -9.296875
18.095 217 ESTIMATOR 301.188965 0.61
18.118 217 AIRSPEED_ETS 1639 1590 9.944728
18.141 217 AIRSPEED 9.944728 20. 0. 0.
18.227 217 AIRSPEED_ETS 1639 1590 9.944728
18.343 217 AIRSPEED_ETS 1639 1590 9.965513
18.353 217 DOWNLINK 2 523 3982
18.381 217 NAVIGATION 5 1 0.3 -3. 0. 9.1 0 0
18.442 217 AIRSPEED_ETS 1639 1590 9.9863
18.477 217 GPS 3 39887560 562044416 0 300995 78 73 1802 145202500 32 9
18.491 217 SVINFO 9 22 13 6 33 33 158
18.511 217 AIRSPEED_ETS 1639 1590 10.017644
18.546 217 ENERGY 12.2 0. 0 0.
18.564 217 GPS_SOL 979 160 191 9
18.584 217 DL_VALUE 53 0.
18.603 217 ATTITUDE 0.025711 1.650147 0.024161
18.618 217 AIRSPEED_ETS 1639 1590 10.038429
18.646 217 IMU_GYRO -0.048828 -0.044678 0.067871
18.660 217 ESTIMATOR 301.321625 0.69
18.727 217 AIRSPEED_ETS 1639 1590 10.059216
18.837 217 DOWNLINK_STATUS 0 19 9500 531 0 538. 30. 349.44
18.842 217 AIRSPEED_ETS 1638 1590 10.069662
18.859 217 IMU_ACCEL 0.665039 0.282227 -9.306641
18.942 217 AIRSPEED_ETS 1638 1590 10.059323
18.970 217 BAT -2 122 0 0 1 13 13 0
19.015 217 DESIRED 0. 0. 5. -109. 28. 403. 3. 20.
19.052 217 GPS 3 39887560 562044416 0 300828 10 58 1802 145203000 32 10
19.067 217 SVINFO 10 26 12 4 21 5 29
19.081 217 AIRSPEED_ETS 1638 1590 10.048985
19.102 217 WP_MOVED 5 398719.59375 5620513. 403.312012 32
19.121 217 CIRCLE 42.099998 64. 110.
19.136 217 AIRSPEED_ETS 1638 1590 10.038646
19.145 217 STATE_FILTER_STATUS 3 0
19.155 217 CALIBRATION 0. 0
19.177 217 IMU_MAG 0. 0. 0.
19.242 217 AIRSPEED_ETS 1639 1590 10.038646
19.261 217 ATTITUDE 0.025715 1.650773 0.024067
19.275 217 ESTIMATOR 301.306305 0.45
19.343 217 AIRSPEED_ETS 1639 1590 10.038646
19.369 217 NAVIGATION 5 1 -0.1 -4. 0. 16. 0 0
19.442 217 AIRSPEED_ETS 1638 1590 10.028307
19.462 217 NAVIGATION_REF 398875 5620448 32 300.312012
19.503 217 GPS 3 39887560 562044416 0 300795 30 51 1802 145203500 32 11
19.518 217 SVINFO 11 27 13 6 33 60 292
19.532 217 AIRSPEED_ETS 1642 1590 10.058705
19.557 217 AIRSPEED 10.058705 20. 0. 0.
19.576 217 IMU_GYRO -0.048828 -0.045654 0.067871
19.640 217 AIRSPEED_ETS 1642 1590 10.089104
19.659 217 IMU_ACCEL 0.641602 0.305664 -9.326172
19.735 217 AIRSPEED_ETS 1641 1590 10.109469
19.746 217 DL_VALUE 54 0.
19.838 217 DOWNLINK_STATUS 0 20 10033 561 0 533. 30. 349.44
19.842 217 FBW_STATUS 0 46 0 122 0
19.857 217 AIRSPEED_ETS 1641 1590 10.140173
19.871 217 ESTIMATOR 301.233887 0.43
19.942 217 AIRSPEED_ETS 1641 1590 10.170878
19.961 217 ATTITUDE 0.025724 1.651491 0.024058
20.001 217 GPS 3 39887600 562044416 0 300861 29 43 1802 145204000 32 12
20.021 217 SVINFO 12 29 12 4 18 2 102
20.064 217 DESIRED 0. 0. 5. -109. 28. 403. 3. 20.
20.078 217 AIRSPEED_ETS 1637 1590 10.160431
20.100 217 BAT -16 122 0 0 1 14 14 0
20.121 217 CIRCLE 42.099998 64. 110.
20.134 217 AIRSPEED_ETS 1637 1590 10.149984
20.154 217 WP_MOVED 6 398909.8125 5620825. 403.312012 32
20.229 217 AIRSPEED_ETS 1637 1590 10.129199
20.343 217 AIRSPEED_ETS 1638 1590 10.11886
20.369 217 NAVIGATION 5 1 0.3 -4. 0. 16.1 0 0
20.510 217 AIRSPEED_ETS 1638 1590 10.11886
20.529 217 IMU_GYRO -0.049805 -0.045654 0.069092
20.547 217 IMU_ACCEL 0.665039 0.301758 -9.291992
20.562 217 ESTIMATOR 301.236847 0.33
20.598 217 GPS 3 39887600 562044416 0 300906 6 33 1802 145204500 32 13
20.602 217 PONG 
20.617 217 AIRSPEED_ETS 1638 1590 10.078122
20.635 217 GPS_SOL 981 142 191 9
20.649 217 AIRSPEED_ETS 1638 1590 10.037384
20.668 217 ATTITUDE 0.025771 1.652036 0.024005
20.726 217 AIRSPEED_ETS 1636 1590 9.985674
20.835 217 AIRSPEED_ETS 1635 1590 9.923289
20.838 217 DOWNLINK_STATUS 0 21 10528 589 0 495. 28. 275.81
20.848 217 PPRZ_MODE 0 3 3 2 0 17
20.941 217 AIRSPEED_ETS 1635 1590 9.860906
20.973 217 ALIVE |96,136,117,93,55,221,101,134,146,155,15,253,31,192,217,187|
20.996 217 AIRSPEED 9.860906 20. 0. 0.
21.007 217 DL_VALUE 55 0.
21.046 217 GPS 3 39887600 562044416 0 300773 51 50 1802 145205000 32 14
21.064 217 AIRSPEED_ETS 1636 1590 9.850347
21.085 217 ENERGY 12.2 0. 0 0.
21.106 217 IMU_MAG 0. 0. 0.
21.146 217 DESIRED 0. 0. 5. -109. 28. 403. 3. 20.
21.163 217 ESTIMATOR 301.196167 0.5
21.178 217 AIRSPEED_ETS 1636 1590 9.839787
21.200 217 BAT -16 122 0 0 1 15 15 0
21.220 217 CIRCLE 42.099998 64. 110.
21.236 217 AIRSPEED_ETS 1636 1590 9.829229
21.249 217 CALIBRATION 0. 0
21.274 217 WP_MOVED 7 398954.59375 5620627. 403.312012 32
21.292 217 IMU_ACCEL 0.646484 0.330078 -9.287109
21.308 217 AIRSPEED_ETS 1637 1590 9.818782
21.330 217 STATE_FILTER_STATUS 3 0
21.369 217 NAVIGATION 5 1 0.3 -4. 0. 16.1 0 0
21.388 217 IMU_GYRO -0.047852 -0.045654 0.069092
21.415 217 ATTITUDE 0.025695 1.652575 0.024088
21.432 217 AIRSPEED_ETS 1638 1590 9.818782
21.465 217 GPS 3 39887600 562044416 0 300947 15 91 1802 145205500 32 15
21.526 217 AIRSPEED_ETS 1638 1590 9.818782
21.637 217 AIRSPEED_ETS 1638 1590 9.818782
21.652 217 ESTIMATOR 301.399231 0.92
21.726 217 AIRSPEED_ETS 1638 1590 9.839787
21.826 217 AIRSPEED_ETS 1638 1590 9.871468
21.838 217 DOWNLINK_STATUS 0 22 11065 619 0 537. 30. 275.81
21.942 217 AIRSPEED_ETS 1639 1590 9.913487
21.976 217 GPS 3 39887600 562044416 0 300995 36 55 1802 145206000 32 16
22.044 217 AIRSPEED_ETS 1634 1590 9.892019
22.062 217 IMU_ACCEL 0.674805 0.305664 -9.306641
22.083 217 ATTITUDE 0.025624 1.653206 0.024257
22.127 217 DESIRED 0. 0. 5. -109. 28. 403. 3. 20.
22.144 217 AIRSPEED_ETS 1634 1590 9.870552
22.152 217 DL_VALUE 56 403.312012
22.172 217 CIRCLE 42.099998 64. 110.
22.216 217 AIRSPEED_ETS 1634 1590 9.849085
22.249 217 BAT -16 122 0 0 1 16 16 0
22.268 217 IMU_GYRO -0.048828 -0.045654 0.066895
22.283 217 ESTIMATOR 301.462219 0.69
22.311 217 AIRSPEED_ETS 1635 1590 9.827852
22.349 217 AIRSPEED 9.827852 20. 0. 0.
22.378 217 WP_MOVED 8 399111.1875 5620499. 403.312012 32
22.420 217 NAVIGATION 5 1 0.3 -4. 0. 16.1 0 0
22.429 217 AIRSPEED_ETS 1635 1590 9.796171
22.462 217 GPS 3 39887560 562044416 0 301310 49 94 1802 145206500 32 17
22.540 217 AIRSPEED_ETS 1638 1590 9.796171
22.558 217 GPS_SOL 980 137 191 9
22.627 217 AIRSPEED_ETS 1638 1590 9.796171
22.741 217 AIRSPEED_ETS 1638 1590 9.796171
22.760 217 ATTITUDE 0.025544 1.653746 0.024253
22.839 217 DOWNLINK_STATUS 0 23 11516 643 0 451. 24. 275.81
22.843 217 AIRSPEED_ETS 1638 1590 9.796171
22.861 217 IMU_ACCEL 0.636719 0.305664 -9.316406
22.876 217 ESTIMATOR 301.822998 0.87
22.942 217 AIRSPEED_ETS 1638 1590 9.785832
22.962 217 IMU_MAG 0. 0. 0.
22.996 217 GPS 3 39887560 562044416 0 301553 49 87 1802 145207000 32 18
23.011 217 AIRSPEED_ETS 1637 1590 9.817859
23.141 217 AIRSPEED_ETS 1637 1590 9.849886
23.186 217 DESIRED 0. 0. 5. -109. 28. 403. 3. 20.
23.205 217 IMU_GYRO -0.046631 -0.045654 0.067871
23.219 217 AIRSPEED_ETS 1637 1590 9.881912
23.238 217 CIRCLE 42.099998 64. 110.
23.342 217 AIRSPEED_ETS 1636 1590 9.892587
23.353 217 CALIBRATION 0. 0
23.370 217 DL_VALUE 57 0.
23.393 217 BAT -16 122 0 0 1 17 17 0
23.419 217 NAVIGATION 5 1 -0.1 -4. 0. 16. 0 0
23.434 217 AIRSPEED_ETS 1636 1590 9.903261
23.448 217 DOWNLINK 2 505 4126
23.470 217 WP_MOVED 9 398755. 5620490. 403.312012 32
23.496 217 ATTITUDE 0.025468 1.654289 0.024335
23.510 217 ESTIMATOR 301.944 0.46
23.550 217 GPS 3 39887560 562044416 0 301600 32 46 1802 145207500 32 19
23.564 217 AIRSPEED_ETS 1636 1590 9.882254
23.585 217 ENERGY 12.2 0. 0 0.
23.594 217 STATE_FILTER_STATUS 3 0
23.616 217 AIRSPEED_ETS 1638 1590 9.882254
23.634 217 IMU_ACCEL 0.607422 0.305664 -9.268555
23.743 217 AIRSPEED_ETS 1638 1590 9.882254
23.766 217 AIRSPEED 9.882254 20. 0. 0.
23.839 217 FBW_STATUS 0 46 0 122 0
23.839 217 DOWNLINK_STATUS 0 24 12062 674 0 546. 31. 275.81
23.853 217 AIRSPEED_ETS 1638 1590 9.882254
23.941 217 AIRSPEED_ETS 1638 1590 9.882254
23.978 217 GPS 3 39887560 562044416 0 301597 19 57 1802 145208000 32 20
24.043 217 AIRSPEED_ETS 1638 1590 9.892702
24.061 217 IMU_GYRO -0.048828 -0.045654 0.067871
24.076 217 ESTIMATOR 301.918945 0.57
24.142 217 AIRSPEED_ETS 1637 1590 9.892702
24.159 217 ATTITUDE 0.025477 1.655008 0.024327
24.163 217 WIND_INFO 217 42 0. 0. 0.
24.203 217 DESIRED 0. 0. 5. -109. 28. 403. 3. 20.
24.218 217 AIRSPEED_ETS 1636 1590 9.882143
24.314 217 AIRSPEED_ETS 1636 1590 9.882143
24.350 217 NAVIGATION 5 1 -0.1 -4. 0. 16. 0 0
24.442 217 AIRSPEED_ETS 1636 1590 9.882143
24.464 217 BAT -16 122 0 0 1 19 19 0
24.489 217 IMU_ACCEL 0.636719 0.305664 -9.282227
24.524 217 GPS 3 39887560 562044416 0 301586 12 58 1802 145208500 32 21
24.539 217 AIRSPEED_ETS 1636 1590 9.882143
24.563 217 GPS_SOL 978 134 191 9
24.572 217 DL_VALUE 58 0.
24.593 217 WP_MOVED 10 398769.09375 5620688. 403.312012 32
24.613 217 AIRSPEED_ETS 1636 1590 9.861137
24.628 217 ESTIMATOR 301.941681 0.58
24.726 217 AIRSPEED_ETS 1638 1590 9.861137
24.839 217 DOWNLINK_STATUS 0 25 12483 697 0 421. 23. 275.81
24.844 217 AIRSPEED_ETS 1638 1590 9.861137
24.862 217 IMU_MAG 0. 0. 0.
24.881 217 ATTITUDE 0.025526 1.655637 0.024275
24.941 217 AIRSPEED_ETS 1638 1590 9.861137
24.961 217 IMU_GYRO -0.047852 -0.044678 0.067871
24.997 217 GPS 3 39887560 562044416 0 301437 16 32 1802 145209000 32 22
25.011 217 AIRSPEED_ETS 1638 1590 9.861137
25.142 217 AIRSPEED_ETS 1637 1590 9.861137
25.165 217 AIRSPEED 9.861137 20. 0. 0.
25.241 217 AIRSPEED_ETS 1637 1590 9.871696
25.288 217 DESIRED 0. 0. 5. -109. 28. 403. 3. 20.
25.307 217 IMU_ACCEL 0.646484 0.287109 -9.316406
25.322 217 ESTIMATOR 301.875397 0.41
25.336 217 AIRSPEED_ETS 1638 1590 9.892702
25.359 217 CIRCLE 42.099998 64. 110.
25.387 217 NAVIGATION 5 1 -0.1 -4. 0. 16. 0 0
25.422 217 ACTUATORS |1110,1479,1458,1512,1495,1950,0|
25.446 217 AIRSPEED_ETS 1638 1590 9.913707
25.456 217 CALIBRATION 0. 0
25.500 217 GPS 3 39887560 562044416 0 301516 20 51 1802 145209500 32 23
25.522 217 AIRSPEED_ETS 1638 1590 9.934712
25.555 217 BAT -16 122 0 0 1 20 20 0
25.573 217 ATTITUDE 0.025492 1.656266 0.024312
25.649 217 COMMANDS |-16,140,0,84,-9744,9324,0|
25.663 217 AIRSPEED_ETS 1638 1590 9.955717
25.684 217 WP_MOVED 11 399103.8125 5620694.5 403.312012 32
25.742 217 AIRSPEED_ETS 1637 1590 9.945271
25.752 217 STATE_FILTER_STATUS 3 0
25.762 217 DL_VALUE 59 0.
25.839 217 DOWNLINK_STATUS 0 26 13011 726 0 528. 29. -4724.2
25.891 217 AIRSPEED_ETS 1637 1590 9.934824
25.929 217 PPRZ_MODE 0 3 3 2 0 17
25.929 217 IMU_GYRO -0.047852 -0.044678 0.069092
25.937 217 ESTIMATOR 301.896973 0.66
25.942 217 PONG 
25.956 217 AIRSPEED_ETS 1637 1590 9.924377
25.980 217 ALIVE |96,136,117,93,55,221,101,134,146,155,15,253,31,192,217,187|
26.016 217 GPS 3 39887560 562044416 0 301503 19 66 1802 145210000 32 24
26.030 217 AIRSPEED_ETS 1638 1590 9.924377
26.051 217 ENERGY 12.2 0. 0 0.
26.071 217 IMU_ACCEL 0.655273 0.296875 -9.306641
26.126 217 AIRSPEED_ETS 1638 1590 9.934824
26.244 217 AIRSPEED_ETS 1638 1590 9.94527
26.259 217 ATTITUDE 0.025504 1.656906 0.024389
26.312 217 DESIRED 0. 0. 5. -109. 28. 403. 3. 20.
26.327 217 AIRSPEED_ETS 1638 1590 9.94527
26.355 217 NAVIGATION 5 1 -0.1 -4. 0. 16. 0 0
26.379 217 CIRCLE 42.099998 64. 110.
26.425 217 AIRSPEED_ETS 1636 1590 9.924265
26.438 217 ESTIMATOR 301.99115 0.7
26.472 217 GPS 3 39887560 562044416 0 301534 32 70 1802 145210500 32 25
26.514 217 AIRSPEED_ETS 1636 1590 9.903259
26.543 217 GPS_SOL 963 151 187 10
26.565 217 AIRSPEED 9.903259 20. 0. 0.
26.642 217 AIRSPEED_ETS 1637 1590 9.892813
26.663 217 BAT -16 122 0 0 1 21 21 0
26.741 217 AIRSPEED_ETS 1636 1590 9.882254
26.760 217 IMU_MAG 0. 0. 0.
26.786 217 WP_MOVED 12 399291.3125 5620379.5 403.312012 32
26.807 217 IMU_GYRO -0.046631 -0.045654 0.067871
26.819 217 AIRSPEED_ETS 1636 1590 9.871695
26.838 217 IMU_ACCEL 0.646484 0.282227 -9.282227
26.839 217 DOWNLINK_STATUS 0 27 13590 758 0 579. 32. 615.13
26.941 217 AIRSPEED_ETS 1636 1590 9.861135
26.952 217 DL_VALUE 60 110.
26.979 217 ATTITUDE 0.025467 1.657623 0.024339
27.013 217 GPS 3 39887560 562044416 0 301308 52 74 1802 145211000 32 26
27.027 217 AIRSPEED_ETS 1638 1590 9.861135
27.042 217 ESTIMATOR 301.879181 0.74
27.126 217 AIRSPEED_ETS 1638 1590 9.861135
27.225 217 AIRSPEED_ETS 1638 1590 9.861135
27.343 217 AIRSPEED_ETS 1636 1590 9.840131
27.388 217 DESIRED 0. 0. 5. -109. 28. 403. 3. 20.
27.425 217 NAVIGATION 5 1 -0.1 -4. 0. 16. 0 0
27.430 217 AIRSPEED_ETS 1636 1590 9.840131
27.448 217 CIRCLE 42.099998 64. 110.
27.482 217 GPS 3 39887560 562044416 0 301452 32 75 1802 145211500 32 27
27.509 217 AIRSPEED_ETS 1631 1590 9.785525
27.520 217 CALIBRATION 0. 0
27.643 217 AIRSPEED_ETS 1631 1590 9.720362
27.661 217 IMU_GYRO -0.048828 -0.045654 0.067871
27.686 217 IMU_ACCEL 0.641602 0.267578 -9.301758
27.707 217 ATTITUDE 0.025557 1.658257 0.024241
27.719 217 ESTIMATOR 301.997925 0.62
27.734 217 AIRSPEED_ETS 1631 1590 9.665754
27.755 217 BAT -16 122 0 0 1 22 22 0
27.840 217 DOWNLINK_STATUS 0 28 14007 781 0 417. 23. 615.13
27.842 217 FBW_STATUS 0 45 0 122 0
27.858 217 AIRSPEED_ETS 1633 1590 9.633371
27.878 217 WP_MOVED 13 398483.40625 5620261.5 403.312012 32
27.941 217 AIRSPEED_ETS 1635 1590 9.622698
27.951 217 STATE_FILTER_STATUS 3 0
27.981 217 AIRSPEED 9.622698 20. 0. 0.
28.015 217 GPS 3 39887560 562044416 0 301873 76 67 1802 145212000 32 28
28.030 217 AIRSPEED_ETS 1635 1590 9.591017
28.134 217 AIRSPEED_ETS 1637 1590 9.580569
28.145 217 DL_VALUE 61 0.
28.237 217 AIRSPEED_ETS 1638 1590 9.580569
28.252 217 ESTIMATOR 302.159729 0.84
28.342 217 AIRSPEED_ETS 1638 1590 9.601575
28.375 217 NAVIGATION 5 1 -0.1 -4. 0. 16. 0 0
28.396 217 ATTITUDE 0.025555 1.658707 0.024062
28.438 217 DESIRED 0. 0. 5. -109. 28. 403. 3. 20.
28.451 217 AIRSPEED_ETS 1638 1590 9.62258
28.475 217 NAVIGATION_REF 398875 5620448 32 300.312012
28.495 217 IMU_ACCEL 0.349609 0.162109 -8.698242
28.531 217 GPS 3 39887560 562044416 0 301852 18 60 1802 145212500 32 29
28.554 217 CIRCLE 42.099998 64. 110.
28.568 217 AIRSPEED_ETS 1638 1590 9.698192
28.579 217 DOWNLINK 2 508 4269
28.600 217 ENERGY 12.2 0. 0 0.
28.619 217 GPS_SOL 952 131 187 10
28.636 217 IMU_GYRO 0.022217 -0.084961 0.060547
28.651 217 AIRSPEED_ETS 1633 1590 9.720413
28.670 217 IMU_MAG 0. 0. 0.
28.726 217 AIRSPEED_ETS 1633 1590 9.742635
28.840 217 DOWNLINK_STATUS 0 29 14525 810 0 518. 29. 615.13
28.842 217 AIRSPEED_ETS 1633 1590 9.742635
28.864 217 BAT -16 122 0 0 1 23 23 0
28.878 217 ESTIMATOR 302.202393 0.41
28.941 217 AIRSPEED_ETS 1635 1590 9.742635
28.962 217 WP_MOVED 14 398498.8125 5620741. 403.312012 32
29.004 217 GPS 3 39887560 562044416 0 301752 56 41 1802 145213000 32 30
29.019 217 SVINFO 0 3 13 4 29 35 291
29.033 217 AIRSPEED_ETS 1635 1590 9.742635
29.053 217 ATTITUDE 0.033609 1.677727 0.241023
29.126 217 AIRSPEED_ETS 1638 1590 9.75308
29.240 217 AIRSPEED_ETS 1640 1590 9.773654
29.259 217 IMU_ACCEL 1.421875 4.166992 -7.036133
29.342 217 AIRSPEED_ETS 1640 1590 9.794226
29.371 217 AIRSPEED 9.794226 20. 0. 0.
29.382 217 DL_VALUE 62 0.
29.433 217 NAVIGATION 5 1 0.3 -4. 0. 16.1 0 0
29.433 217 AIRSPEED_ETS 1638 1590 9.794226
29.473 217 DESIRED 0. 0. 5. -109. 28. 403. 3. 20.
29.492 217 IMU_GYRO -0.107422 -0.047852 0.090332
29.515 217 ESTIMATOR 302.216095 0.65
29.555 217 GPS 3 39887600 562044416 0 301788 7 65 1802 145213500 32 1
29.570 217 SVINFO 1 7 13 4 21 16 318
29.584 217 AIRSPEED_ETS 1638 1590 9.794226
29.603 217 CIRCLE 42.099998 64. 110.
29.622 217 AIRSPEED_ETS 1638 1590 9.847616
29.633 217 CALIBRATION 0. 0
29.740 217 AIRSPEED_ETS 1638 1590 9.901007
29.761 217 ATTITUDE 0.048586 1.713724 0.453929
29.826 217 AIRSPEED_ETS 1635 1590 9.922717
29.840 217 DOWNLINK_STATUS 0 30 15040 839 0 515. 29. 615.13
29.943 217 AIRSPEED_ETS 1635 1590 9.922717
29.970 217 BAT -16 122 0 0 1 24 24 0
30.006 217 GPS 3 39887560 562044416 0 301812 15 61 1802 145214000 32 2
30.021 217 SVINFO 2 8 13 4 15 10 335
30.035 217 AIRSPEED_ETS 1630 1590 9.867472
30.059 217 WP_MOVED 15 399232.1875 5620837.5 403.312012 32
30.078 217 IMU_ACCEL 0.583984 4.200195 -9.
30.093 217 ESTIMATOR 302.232788 0.61
30.111 217 AIRSPEED_ETS 1630 1590 9.780546
30.118 217 STATE_FILTER_STATUS 3 0
30.226 217 AIRSPEED_ETS 1630 1590 9.673048
30.342 217 AIRSPEED_ETS 1700 1590 10.1651
30.368 217 NAVIGATION 5 1 0.3 -4. 0. 16.1 0 0
30.387 217 IMU_GYRO -0.04248 -0.052979 0.065918
30.425 217 AIRSPEED_ETS 1699 1590 10.670843
30.440 217 ATTITUDE 0.049365 1.715031 0.448915
30.485 217 GPS 3 39887600 562044416 0 301910 49 78 1802 145214500 32 3
30.532 217 DESIRED 0. 0. 5. -109. 28. 403. 3. 20.
30.554 217 AIRSPEED_ETS 1699 1590 11.176587
30.572 217 GPS_SOL 920 121 187 10
30.596 217 IMU_MAG 0. 0. 0.
30.605 217 DL_VALUE 63 1.
30.625 217 CIRCLE 42.099998 64. 110.
30.639 217 AIRSPEED_ETS 1704 1590 11.716425
30.655 217 ESTIMATOR 302.419617 0.7
30.773 217 AIRSPEED_ETS 1707 1590 12.276361
30.796 217 AIRSPEED 12.276361 20. 0. 0.
30.801 217 PONG 
30.817 217 AIRSPEED_ETS 1705 1590 12.854609
30.835 217 PPRZ_MODE 0 3 3 2 0 17
30.841 217 DOWNLINK_STATUS 0 31 15560 869 0 520. 30. 474.81
30.853 217 IMU_ACCEL 0.90918 4.19043 -8.55957
30.942 217 AIRSPEED_ETS 1705 1590 13.432856
30.971 217 ALIVE |96,136,117,93,55,221,101,134,146,155,15,253,31,192,217,187|
31.006 217 GPS 3 39887600 562044416 0 302420 64 88 1802 145215000 32 4
31.020 217 SVINFO 4 15 13 4 29 7 61
31.035 217 AIRSPEED_ETS 1704 1590 14.059618
31.060 217 ENERGY 12.2 0. 0 0.
31.082 217 BAT -16 122 0 0 1 25 25 0
31.106 217 AIRSPEED_ETS 1695 1590 14.624443
31.142 217 WP_MOVED 16 398840.3125 5620539.5 330.312012 32
31.161 217 ATTITUDE 0.049551 1.714854 0.439029
31.241 217 AIRSPEED_ETS 1695 1590 15.189267
31.260 217 IMU_GYRO -0.063721 -0.04248 0.071289
31.275 217 ESTIMATOR 302.734589 0.72
31.343 217 AIRSPEED_ETS 1626 1590 14.542982
31.370 217 NAVIGATION 5 1 0.3 -4. 0. 16.1 0 0
31.442 217 AIRSPEED_ETS 1667 1590 14.303174
31.476 217 GPS 3 39887600 562044288 0 302812 56 85 1802 145215500 32 5
31.491 217 SVINFO 5 16 13 6 33 67 220
31.512 217 AIRSPEED_ETS 1667 1590 14.063364
31.565 217 DESIRED 0. 0. 5. -109. 27. 403. 3. 20.
31.641 217 AIRSPEED_ETS 1698 1590 14.022357
31.660 217 CIRCLE 42.099998 64. 110.
31.679 217 IMU_ACCEL 0.799805 4.003906 -7.878906
31.742 217 AIRSPEED_ETS 1702 1590 13.988711
31.754 217 CALIBRATION 0. 0
31.765 217 DL_VALUE 64 0.
31.841 217 DOWNLINK_STATUS 0 32 16054 896 0 494. 27. 474.81
31.842 217 FBW_STATUS 0 45 0 122 0
31.856 217 AIRSPEED_ETS 1702 1590 13.968435
31.875 217 ATTITUDE 0.049499 1.715276 0.433802
31.890 217 ESTIMATOR 303.163727 0.82
31.927 217 AIRSPEED_ETS 1702 1590 13.94816
31.957 217 GPS 3 39887644 562044416 0 302898 35 82 1802 145216000 32 6
31.971 217 SVINFO 6 18 13 6 34 47 107
32.026 217 AIRSPEED_ETS 1708 1590 13.974901
32.142 217 AIRSPEED_ETS 1708 1590 14.063581
32.171 217 AIRSPEED 14.063581 20. 0. 0.
32.193 217 BAT -16 122 0 0 1 26 26 0
32.212 217 IMU_GYRO 0.621338 -0.091309 0.072266
32.227 217 AIRSPEED_ETS 1714 1590 14.191538
32.247 217 WP_MOVED 17 397275. 5620412. 403.312012 32
32.342 217 AIRSPEED_ETS 1714 1590 14.931051
32.351 217 STATE_FILTER_STATUS 3 0
32.378 217 NAVIGATION 5 1 0.8 -4. 0. 16.7 0 0
32.442 217 AIRSPEED_ETS 1714 1590 15.270973
32.460 217 IMU_MAG 0. 0. 0.
32.485 217 IMU_ACCEL 0.114258 2.049805 -8.975586
32.501 217 ESTIMATOR 303.235687 0.19
32.539 217 GPS 3 39887644 562044416 0 302737 13 19 1802 145216500 32 7
32.554 217 SVINFO 7 19 12 3 15 28 284
32.573 217 AIRSPEED_ETS 1712 1590 15.59791
32.590 217 GPS_SOL 883 132 187 10
32.611 217 ATTITUDE 0.033436 1.693709 0.195285
32.650 217 DESIRED 0. 0. 5. -109. 27. 403. 3. 20.
32.667 217 AIRSPEED_ETS 1711 1590 15.685419
32.684 217 CIRCLE 42.099998 64. 110.
32.709 217 AIRSPEED_ETS 1711 1590 15.745465
32.826 217 AIRSPEED_ETS 1712 1590 15.812045
32.841 217 DOWNLINK_STATUS 0 33 16606 927 0 552. 31. 474.81
32.942 217 AIRSPEED_ETS 1675 1590 15.615707
32.952 217 DL_VALUE 65 1.
32.994 217 GPS 3 39887640 562044288 0 302823 71 38 1802 145217000 32 8
33.009 217 SVINFO 8 21 13 6 33 52 65
33.023 217 AIRSPEED_ETS 1675 1590 15.379082
33.043 217 IMU_GYRO -0.010498 -0.044678 0.070068
33.058 217 ESTIMATOR 303.113342 0.38
33.126 217 AIRSPEED_ETS 1667 1590 15.078436
33.243 217 AIRSPEED_ETS 1667 1590 14.738515
33.265 217 BAT -16 122 0 0 1 27 27 0
33.288 217 IMU_ACCEL 0.59375 1.426758 -8.358398
33.306 217 ATTITUDE 0.030688 1.687105 0.131692
33.321 217 AIRSPEED_ETS 1666 1590 14.390361
33.342 217 WP_MOVED 18 397275. 5620412. 403.312012 32
33.375 217 NAVIGATION 5 1 0.8 -5. 0. 25.6 0 0
33.442 217 AIRSPEED_ETS 1666 1590 14.042209
33.475 217 GPS 3 39887640 562044288 0 302760 15 43 1802 145217500 32 9
33.491 217 SVINFO 9 22 13 6 34 33 158
33.511 217 AIRSPEED_ETS 1651 1590 13.576352
33.545 217 ENERGY 12.2 0. 0 0.
33.567 217 AIRSPEED 13.576352 20. 0. 0.
33.642 217 AIRSPEED_ETS 1593 1590 12.241767
33.652 217 DOWNLINK 2 507 4415
33.700 217 DESIRED 0. 0. 5. -109. 26. 403. 3. 20.
33.714 217 ESTIMATOR 303.082977 0.49
33.728 217 AIRSPEED_ETS 1593 1590 10.907183
33.747 217 CIRCLE 42.099998 64. 110.
33.834 217 AIRSPEED_ETS 1598 1590 9.723944
33.842 217 DOWNLINK_STATUS 0 34 17109 955 0 503. 28. 474.81
33.844 217 CALIBRATION 0. 0
33.941 217 AIRSPEED_ETS 1601 1590 8.873923
33.959 217 IMU_GYRO -0.043457 -0.045654 0.069092
33.985 217 ATTITUDE 0.02768 1.681849 0.052198
34.023 217 GPS 3 39887640 562044288 0 302700 5 27 1802 145218000 32 10
34.039 217 SVINFO 10 26 13 4 19 5 29
34.053 217 AIRSPEED_ETS 1601 1590 8.023903
34.072 217 IMU_ACCEL 0.679688 0.526367 -9.282227
34.134 217 AIRSPEED_ETS 1603 1590 7.279508
34.145 217 DL_VALUE 0 0.
34.163 217 WIND_INFO 217 42 0. 0. 0.
34.237 217 AIRSPEED_ETS 1602 1590 6.514744
34.253 217 ESTIMATOR 303.034637 0.23
34.399 217 AIRSPEED_ETS 1602 1590 5.758211
34.432 217 IMU_MAG 0. 0. 0.
34.441 217 BAT -16 122 0 0 1 28 28 0
34.465 217 NAVIGATION 5 1 0.8 -5. 0. 25.6 0 0
34.485 217 WIND_INFO_RET 0. 0. 5.758211
34.500 217 AIRSPEED_ETS 1604 1590 5.041646
34.520 217 WP_MOVED 19 398744.8125 5620430.5 300.312012 32
34.555 217 GPS 3 39887640 562044288 0 302682 38 33 1802 145218500 32 11
34.571 217 SVINFO 11 27 13 6 33 60 292
34.584 217 AIRSPEED_ETS 1608 1590 4.527911
34.593 217 STATE_FILTER_STATUS 3 0
34.611 217 GPS_SOL 868 162 187 10
34.640 217 AIRSPEED_ETS 1608 1590 4.889436
34.658 217 ATTITUDE 0.027511 1.682401 0.050473
34.703 217 DESIRED 0. 0. 5. -109. 27. 403. 3. 20.
34.717 217 AIRSPEED_ETS 1609 1590 5.267703
34.790 217 CIRCLE 42.099998 64. 110.
34.813 217 AIRSPEED_ETS 1611 1590 5.520299
34.842 217 DOWNLINK_STATUS 0 35 17636 985 0 527. 30. 474.81
34.846 217 IMU_GYRO -0.046631 -0.045654 0.069092
34.863 217 IMU_ACCEL 0.669922 0.541016 -9.316406
34.879 217 ESTIMATOR 303.027588 0.65
34.907 217 AIRSPEED_ETS 1611 1590 5.702596
34.944 217 AIRSPEED 5.702596 20. 0. 0.
34.990 217 GPS 3 39887644 562044416 0 302730 16 65 1802 145219000 32 12
35.005 217 SVINFO 12 29 12 4 20 2 102
35.017 217 AIRSPEED_ETS 1612 1590 5.900423
35.125 217 AIRSPEED_ETS 1613 1590 6.071823
35.225 217 AIRSPEED_ETS 1613 1590 6.263593
35.342 217 AIRSPEED_ETS 1612 1590 6.440182
35.354 217 DL_VALUE 1 0.
35.383 217 NAVIGATION 5 1 0.8 -4. 0. 16.7 0 0
35.403 217 ATTITUDE 0.027599 1.683002 0.049467
35.432 217 ACTUATORS |1110,1480,1459,1512,1496,1950,0|
35.440 217 AIRSPEED_ETS 1609 1590 6.529065
35.473 217 BAT -16 122 0 0 1 30 30 0
35.497 217 ESTIMATOR 303.234985 0.72
35.538 217 GPS 3 39887644 562044416 0 302920 28 72 1802 145219500 32 13
35.553 217 AIRSPEED_ETS 1609 1590 6.545806
35.574 217 WP_MOVED 20 398916.5 5620561.5 500.312012 32
35.743 217 AIRSPEED_ETS 1613 1590 6.641772
35.786 217 DESIRED 0. 0. 5. -109. 27. 403. 3. 20.
35.805 217 IMU_GYRO -0.046631 -0.045654 0.069092
35.823 217 FBW_STATUS 0 45 0 122 0
35.837 217 AIRSPEED_ETS 1614 1590 6.687335
35.842 217 DOWNLINK_STATUS 0 36 18116 1011 0 480. 26. -4525.54
35.854 217 PPRZ_MODE 0 3 3 2 0 17
35.872 217 CIRCLE 42.099998 64. 110.
35.942 217 AIRSPEED_ETS 1614 1590 6.732896
35.971 217 ALIVE |96,136,117,93,55,221,101,134,146,155,15,253,31,192,217,187|
35.984 217 CALIBRATION 0. 0
36.018 217 GPS 3 39887644 562044416 0 302754 77 85 1802 145220000 32 14
36.033 217 AIRSPEED_ETS 1614 1590 6.762929
36.056 217 ENERGY 12.2 0. 0 0.
36.075 217 ATTITUDE 0.027563 1.683519 0.048596
36.090 217 ESTIMATOR 303.249329 0.85
36.106 217 AIRSPEED_ETS 1612 1590 6.747749
36.240 217 AIRSPEED_ETS 1612 1590 6.73257
36.258 217 IMU_MAG 0. 0. 0.
36.341 217 AIRSPEED_ETS 1611 1590 6.717041
36.364 217 AIRSPEED 6.717041 20. 0. 0.
36.391 217 NAVIGATION 5 1 1.2 -4. 0. 17.4 0 0
36.412 217 AIRSPEED_ETS 1612 1590 6.764779
36.446 217 IMU_ACCEL 0.665039 0.493164 -9.321289
36.477 217 GPS 3 39887680 562044416 0 302923 33 41 1802 145220500 32 15
36.509 217 AIRSPEED_ETS 1612 1590 6.812517
36.541 217 GPS_SOL 896 158 187 10
36.551 217 DL_VALUE 2 0.
36.574 217 BAT -16 122 0 0 1 31 31 0
36.615 217 AIRSPEED_ETS 1614 1590 6.873982
36.647 217 WP_MOVED 0 398917. 5620490. 403.312012 32
36.666 217 IMU_GYRO -0.047852 -0.045654 0.067871
36.681 217 ESTIMATOR 303.308044 0.37
36.714 217 AIRSPEED_ETS 1614 1590 6.888836
36.722 217 STATE_FILTER_STATUS 3 0
36.743 217 ATTITUDE 0.027587 1.684044 0.048027
36.808 217 DESIRED 0. 0. 5. -109. 27. 403. 3. 20.
36.823 217 AIRSPEED_ETS 1614 1590 6.888836
36.843 217 DOWNLINK_STATUS 0 37 18688 1043 0 572. 32. -4525.54
36.891 217 CIRCLE 42.099998 64. 110.
36.931 217 AIRSPEED_ETS 1614 1590 6.888836
36.959 217 GPS 3 39887720 562044480 0 303148 83 21 1802 145221000 32 16
37.026 217 AIRSPEED_ETS 1614 1590 6.888836
37.126 217 AIRSPEED_ETS 1614 1590 6.918869
37.241 217 AIRSPEED_ETS 1616 1590 6.977708
37.259 217 IMU_ACCEL 0.655273 0.493164 -9.321289
37.274 217 ESTIMATOR 303.396851 0.13
37.342 217 AIRSPEED_ETS 1616 1590 7.052075
37.369 217 NAVIGATION 5 1 1.5 -3. 0. 11.4 0 0
37.442 217 AIRSPEED_ETS 1616 1590 7.110915
37.461 217 NAVIGATION_REF 398875 5620448 32 300.312012
37.487 217 ATTITUDE 0.027572 1.684402 0.047588
37.521 217 GPS 3 39887720 562044480 0 303382 30 32 1802 145221500 32 17
37.535 217 AIRSPEED_ETS 1617 1590 7.183741
37.554 217 IMU_GYRO -0.047852 -0.045654 0.067871
37.642 217 AIRSPEED_ETS 1615 1590 7.198288
37.664 217 BAT -16 122 0 0 1 32 32 0
37.743 217 AIRSPEED_ETS 1615 1590 7.212835
37.766 217 AIRSPEED 7.212835 20. 0. 0.
37.778 217 DL_VALUE 3 0.
37.799 217 WP_MOVED 1 398874.1875 5620446.5 403.312012 32
37.817 217 AIRSPEED_ETS 1615 1590 7.227382
37.843 217 DOWNLINK_STATUS 0 38 19099 1066 0 411. 23. -4525.54
37.869 217 DESIRED 0. 0. 5. -109. 26. 403. 3. 20.
37.884 217 ESTIMATOR 303.505463 0.46
37.940 217 AIRSPEED_ETS 1614 1590 7.227382
37.940 217 CIRCLE 42.099998 64. 110.
37.982 217 GPS 3 39887720 562044416 0 303412 31 46 1802 145222000 32 18
38.011 217 AIRSPEED_ETS 1614 1590 7.227382
38.035 217 CALIBRATION 0. 0
38.054 217 IMU_ACCEL 0.68457 0.50293 -9.263672
38.141 217 AIRSPEED_ETS 1616 1590 7.256187
38.160 217 IMU_MAG 0. 0. 0.
38.178 217 ATTITUDE 0.027475 1.68502 0.047154
38.226 217 AIRSPEED_ETS 1618 1590 7.283905
38.342 217 AIRSPEED_ETS 1618 1590 7.311623
38.369 217 NAVIGATION 5 1 1.5 -3. 0. 11.4 0 0
38.444 217 AIRSPEED_ETS 1618 1590 7.33934
38.459 217 IMU_GYRO -0.046631 -0.045654 0.069092
38.481 217 ESTIMATOR 303.594635 0.51
38.515 217 GPS 3 39887720 562044480 0 303350 28 51 1802 145222500 32 19
38.530 217 AIRSPEED_ETS 1618 1590 7.353071
38.552 217 ENERGY 12.2 0. 0 0.
38.570 217 GPS_SOL 920 152 187 10
38.625 217 AIRSPEED_ETS 1618 1590 7.395047
38.741 217 AIRSPEED_ETS 1618 1590 7.437023
38.753 217 DOWNLINK 2 504 4558
38.775 217 BAT -16 122 0 0 1 33 33 0
38.841 217 AIRSPEED_ETS 1618 1590 7.478999
38.844 217 DOWNLINK_STATUS 0 39 19567 1092 0 468. 26. -4525.54
38.862 217 WP_MOVED 2 398874.96875 5620448. 403.312012 32
38.887 217 IMU_ACCEL 0.655273 0.463867 -9.296875
38.906 217 ATTITUDE 0.027467 1.685737 0.046713
38.953 217 DESIRED 0. 0. 5. -109. 27. 403. 3. 20.
38.967 217 AIRSPEED_ETS 1618 1590 7.535522
38.979 217 STATE_FILTER_STATUS 3 0
38.988 217 DL_VALUE 4 0.
39.026 217 GPS 3 39887720 562044480 0 303341 26 47 1802 145223000 32 20
39.045 217 CIRCLE 42.099998 64. 110.
39.060 217 AIRSPEED_ETS 1618 1590 7.592046
39.074 217 ESTIMATOR 303.622131 0.47
39.141 217 AIRSPEED_ETS 1619 1590 7.633251
39.164 217 AIRSPEED 7.633251 20. 0. 0.
39.225 217 AIRSPEED_ETS 1618 1590 7.633251
39.341 217 AIRSPEED_ETS 1618 1590 7.633251
39.368 217 NAVIGATION 5 1 1.5 -3. 0. 11.4 0 0
39.387 217 IMU_GYRO -0.046631 -0.045654 0.067871
39.406 217 AIRSPEED_ETS 1618 1590 7.633251
39.454 217 GPS 3 39887720 562044480 0 303045 27 55 1802 145223500 32 21
39.540 217 AIRSPEED_ETS 1618 1590 7.633251
39.559 217 ATTITUDE 0.027424 1.686539 0.046406
39.642 217 AIRSPEED_ETS 1618 1590 7.633251
39.661 217 IMU_ACCEL 0.636719 0.445312 -9.306641
39.678 217 ESTIMATOR 303.538239 0.57
39.725 217 AIRSPEED_ETS 1618 1590 7.633251
39.842 217 FBW_STATUS 0 46 0 122 0
39.844 217 DOWNLINK_STATUS 0 40 20036 1118 0 469. 26. -4525.54
39.856 217 AIRSPEED_ETS 1619 1590 7.646739
39.879 217 BAT -16 122 0 0 1 34 34 0
39.947 217 AIRSPEED_ETS 1619 1590 7.660226
39.962 217 WP_MOVED 3 398917.09375 5620512. 403.312012 32
40.008 217 DESIRED 0. 0. 5. -109. 27. 403. 3. 20.
40.047 217 GPS 3 39887680 562044480 0 302823 58 38 1802 145224000 32 22
40.066 217 AIRSPEED_ETS 1617 1590 7.646496
40.084 217 IMU_MAG 0. 0. 0.
40.103 217 CIRCLE 42.099998 64. 110.
40.118 217 AIRSPEED_ETS 1617 1590 7.619278
40.129 217 CALIBRATION 0. 0
40.141 217 DL_VALUE 5 1.22173
40.242 217 AIRSPEED_ETS 1617 1590 7.605547
40.261 217 IMU_GYRO -0.178711 -0.041504 0.209473
40.280 217 ATTITUDE 0.026964 1.68964 0.046133
40.294 217 ESTIMATOR 303.380219 0.53
40.313 217 AIRSPEED_ETS 1619 1590 7.619035
40.341 217 NAVIGATION 5 1 1.2 -3. 0. 10.4 0 0
40.493 217 AIRSPEED_ETS 1609 1590 7.48474
40.511 217 IMU_ACCEL -0.62207 3.428711 -11.275391
40.547 217 GPS 3 39887680 562044480 0 302833 41 76 1802 145224500 32 23
40.552 217 PONG 
40.567 217 AIRSPEED_ETS 1609 1590 7.350445
40.585 217 GPS_SOL 947 151 187 10
40.608 217 AIRSPEED 7.350445 20. 0. 0.
40.625 217 AIRSPEED_ETS 1608 1590 7.199409
40.726 217 AIRSPEED_ETS 1611 1590 7.097323
40.841 217 AIRSPEED_ETS 1612 1590 6.99728
40.845 217 DOWNLINK_STATUS 0 41 20532 1146 0 496. 28. 224.87
40.854 217 PPRZ_MODE 0 3 3 2 0 17
40.868 217 ESTIMATOR 303.480469 1.4
40.942 217 AIRSPEED_ETS 1612 1590 6.897236
40.971 217 ALIVE |96,136,117,93,55,221,101,134,146,155,15,253,31,192,217,187|
40.993 217 BAT -16 122 0 0 1 35 35 0
41.016 217 ATTITUDE 0.459762 2.375551 0.450469
41.052 217 GPS 3 39887680 562044480 0 303123 66 140 1802 145225000 32 24
41.097 217 DESIRED 0. 0.03 5. -109. 27. 403. 3. 20.
41.112 217 AIRSPEED_ETS 1608 1590 6.759931
41.133 217 ENERGY 12.2 0. 0 0.
41.155 217 WP_MOVED 4 398895. 5620492. 403.312012 32
41.173 217 CIRCLE 42.099998 64. 110.
41.188 217 AIRSPEED_ETS 1606 1590 6.587685
41.197 217 STATE_FILTER_STATUS 3 0
41.216 217 IMU_GYRO -0.887451 1.064209 1.759033
41.235 217 AIRSPEED_ETS 1606 1590 6.415439
41.253 217 IMU_ACCEL 5.072266 1.288086 -1.647461
41.341 217 AIRSPEED_ETS 1607 1590 6.233702
41.352 217 DL_VALUE 6 10000.
41.379 217 NAVIGATION 5 1 0.8 -3. 0. 9.7 0 0
41.443 217 AIRSPEED_ETS 1605 1590 6.16373
41.457 217 ESTIMATOR 304.035675 1.56
41.490 217 GPS 3 39887644 562044480 0 303693 25 156 1802 145225500 32 25
41.505 217 AIRSPEED_ETS 1605 1590 6.093758
41.639 217 AIRSPEED_ETS 1608 1590 6.093758
41.658 217 ATTITUDE 1.188736 -2.998456 -0.291292
41.725 217 AIRSPEED_ETS 1609 1590 6.061549
41.825 217 AIRSPEED_ETS 1609 1590 6.01381
41.846 217 DOWNLINK_STATUS 0 42 21036 1174 0 504. 28. 224.87
41.947 217 AIRSPEED_ETS 1607 1590 5.932117
41.960 217 IMU_MAG 0. 0. 0.
41.989 217 AIRSPEED 5.932117 20. 0. 0.
42.023 217 GPS 3 39887644 562044480 0 303892 16 8 1802 145226000 32 26
42.038 217 AIRSPEED_ETS 1603 1590 5.840376
42.065 217 BAT -16 122 0 0 1 36 36 0
42.112 217 DESIRED 0. 0.03 5. -109. 28. 403. 3. 20.
42.133 217 IMU_GYRO -0.888428 -0.863037 0.596924
42.152 217 IMU_ACCEL 6.863281 -0.760742 -3.208984
42.169 217 ESTIMATOR 304.353302 0.08
42.185 217 AIRSPEED_ETS 1603 1590 5.783576
42.205 217 WP_MOVED 5 398719.59375 5620513. 403.312012 32
42.224 217 CIRCLE 42.099998 64. 110.
42.239 217 AIRSPEED_ETS 1602 1590 5.706407
42.257 217 CALIBRATION 0. 0
42.341 217 AIRSPEED_ETS 1604 1590 5.651478
42.368 217 NAVIGATION 5 1 0.8 -3. 0. 9.7 0 0
42.387 217 ATTITUDE 0.383223 -2.280515 -0.291732
42.406 217 AIRSPEED_ETS 1604 1590 5.632567
42.454 217 GPS 3 39887644 562044480 0 303626 53 -80 1802 145226500 32 27
42.540 217 AIRSPEED_ETS 1606 1590 5.650857
42.559 217 GPS_SOL 961 155 187 10
42.571 217 DL_VALUE 7 5.
42.636 217 AIRSPEED_ETS 1607 1590 5.633644
42.651 217 ESTIMATOR 303.689911 -1.01
42.725 217 AIRSPEED_ETS 1607 1590 5.599689
42.839 217 AIRSPEED_ETS 1606 1590 5.548008
42.846 217 DOWNLINK_STATUS 0 43 21526 1201 0 490. 27. 224.87
42.858 217 IMU_ACCEL 5.743164 -2.117188 -8.089844
42.944 217 AIRSPEED_ETS 1606 1590 5.530281
42.960 217 IMU_GYRO -0.179688 0.202148 -0.080811
42.994 217 GPS 3 39887644 562044480 0 303158 32 -60 1802 145227000 32 28
43.015 217 AIRSPEED_ETS 1606 1590 5.587081
43.033 217 ATTITUDE 0.231077 -2.120614 -0.070051
43.110 217 DESIRED 0. 0.01 5. -109. 28. 403. 3. 20.
43.125 217 AIRSPEED_ETS 1605 1590 5.625591
43.146 217 BAT -16 122 0 0 1 37 37 0
43.175 217 CIRCLE 42.099998 64. 110.
43.215 217 AIRSPEED_ETS 1606 1590 5.702761
43.247 217 WP_MOVED 6 398909.8125 5620825. 403.312012 32
43.261 217 ESTIMATOR 303.171509 -0.31
43.342 217 AIRSPEED_ETS 1606 1590 5.739963
43.351 217 STATE_FILTER_STATUS 3 0
43.378 217 AIRSPEED 5.739963 20. 0. 0.
43.405 217 NAVIGATION 5 1 0.8 -3. 0. 9.7 0 0
43.420 217 AIRSPEED_ETS 1604 1590 5.739963
43.455 217 GPS 3 39887680 562044480 0 303089 55 3 1802 145227500 32 29
43.541 217 AIRSPEED_ETS 1604 1590 5.702762
43.562 217 ENERGY 12.2 0. 0 0.
43.640 217 AIRSPEED_ETS 1607 1590 5.702762
43.658 217 IMU_ACCEL 1.009766 -0.488281 -8.516602
43.742 217 AIRSPEED_ETS 1607 1590 5.702762
43.754 217 DL_VALUE 8 600.
43.772 217 ATTITUDE 0.052578 -2.056225 -0.179279
43.842 217 FBW_STATUS 0 46 0 122 0
43.847 217 DOWNLINK_STATUS 0 44 22022 1228 0 496. 27. 224.87
43.856 217 AIRSPEED_ETS 1607 1590 5.720489
43.873 217 DOWNLINK 2 493 4698
43.893 217 IMU_MAG 0. 0. 0.
43.912 217 IMU_GYRO -0.033936 -0.122314 0.045654
43.940 217 ESTIMATOR 303.059631 0.22
43.943 217 AIRSPEED_ETS 1608 1590 5.755429
43.981 217 GPS 3 39887680 562044480 0 303109 28 22 1802 145228000 32 30
43.995 217 SVINFO 0 3 13 4 29 35 291
44.011 217 AIRSPEED_ETS 1608 1590 5.790369
44.141 217 AIRSPEED_ETS 1602 1590 5.73149
44.164 217 WIND_INFO 217 42 0. 0. 0.
44.181 217 DESIRED 0. 0. 5. -109. 27. 403. 3. 20.
44.241 217 AIRSPEED_ETS 1602 1590 5.654321
44.263 217 BAT -16 122 0 0 1 38 38 0
44.282 217 CIRCLE 42.099998 64. 110.
44.341 217 AIRSPEED_ETS 1602 1590 5.577151
44.353 217 CALIBRATION 0. 0
44.379 217 WP_MOVED 7 398954.59375 5620627. 403.312012 32
44.406 217 NAVIGATION 5 1 1.2 -3. 0. 10.4 0 0
44.421 217 AIRSPEED_ETS 1601 1590 5.515946
44.441 217 IMU_ACCEL 1.039062 -1.21582 -9.143555
44.469 217 ATTITUDE 0.056295 -2.062098 -0.173186
44.483 217 ESTIMATOR 303.177917 0.59
44.526 217 GPS 3 39887680 562044480 0 303021 53 59 1802 145228500 32 1
44.548 217 SVINFO 1 7 13 4 25 16 318
44.562 217 AIRSPEED_ETS 1604 1590 5.515946
44.580 217 GPS_SOL 978 163 187 10
44.741 217 AIRSPEED_ETS 1603 1590 5.38649
44.764 217 AIRSPEED 5.38649 20. 0. 0.
44.783 217 IMU_GYRO -0.048828 -0.044678 0.067871
44.825 217 AIRSPEED_ETS 1603 1590 5.311962
44.847 217 DOWNLINK_STATUS 0 45 22558 1258 0 536. 30. 224.87
44.950 217 AIRSPEED_ETS 1603 1590 5.220221
44.952 217 DL_VALUE 9 0.
44.994 217 GPS 3 39887680 562044480 0 303104 34 55 1802 145229000 32 2
45.008 217 SVINFO 2 8 13 4 23 10 335
45.023 217 AIRSPEED_ETS 1606 1590 5.185281
45.036 217 ESTIMATOR 303.320923 0.55
45.139 217 AIRSPEED_ETS 1606 1590 5.26245
45.159 217 ATTITUDE 0.057572 -2.061677 -0.169926
45.202 217 DESIRED 0. 0. 5. -109. 27. 403. 3. 20.
45.226 217 AIRSPEED_ETS 1606 1590 5.33962
45.247 217 IMU_ACCEL 1.082031 -1.192383 -9.206055
45.272 217 CIRCLE 42.099998 64. 110.
45.342 217 AIRSPEED_ETS 1606 1590 5.41679
45.364 217 BAT -16 122 0 0 1 39 39 0
45.392 217 NAVIGATION 5 1 1.2 -3. 0. 10.4 0 0
45.418 217 ACTUATORS |1110,1479,1458,1512,1495,1950,0|
45.450 217 AIRSPEED_ETS 1606 1590 5.515196
45.475 217 WP_MOVED 8 399111.1875 5620499. 403.312012 32
45.512 217 GPS 3 39887724 562044480 0 303150 47 60 1802 145229500 32 3
45.527 217 AIRSPEED_ETS 1606 1590 5.552398
45.536 217 STATE_FILTER_STATUS 3 0
45.682 217 COMMANDS |-16,140,0,84,-9744,9324,0|
45.697 217 AIRSPEED_ETS 1606 1590 5.589599
45.715 217 IMU_GYRO -0.048828 -0.046631 0.067871
45.730 217 ESTIMATOR 303.488647 0.67
45.735 217 PONG 
45.751 217 AIRSPEED_ETS 1606 1590 5.646399
45.771 217 IMU_MAG 0. 0. 0.
45.841 217 AIRSPEED_ETS 1606 1590 5.7032
45.848 217 DOWNLINK_STATUS 0 46 23069 1287 0 511. 29. 407.76
45.852 217 PPRZ_MODE 0 3 3 2 0 17
45.874 217 ATTITUDE 0.058799 -2.06113 -0.167214
45.946 217 AIRSPEED_ETS 1606 1590 5.760001
45.971 217 ALIVE |96,136,117,93,55,221,101,134,146,155,15,253,31,192,217,187|
46.005 217 GPS 3 39887724 562044480 0 303294 41 58 1802 145230000 32 4
46.021 217 SVINFO 4 15 13 4 19 7 61
46.034 217 AIRSPEED_ETS 1607 1590 5.777728
46.059 217 ENERGY 12.2 0. 0 0.
46.078 217 IMU_ACCEL 1.067383 -1.154297 -9.172852
46.144 217 AIRSPEED_ETS 1606 1590 5.777728
46.169 217 AIRSPEED 5.777728 20. 0. 0.
46.178 217 DL_VALUE 10 11000.
46.241 217 AIRSPEED_ETS 1606 1590 5.777728
46.282 217 DESIRED 0. 0. 5. -109. 27. 403. 3. 20.
46.297 217 ESTIMATOR 303.601929 0.38
46.315 217 AIRSPEED_ETS 1607 1590 5.795455
46.346 217 CIRCLE 42.099998 64. 110.
46.376 217 NAVIGATION 5 1 1.6 -3. 0. 11.6 0 0
46.446 217 AIRSPEED_ETS 1606 1590 5.795455
46.461 217 NAVIGATION_REF 398875 5620448 32 300.312012
46.478 217 CALIBRATION 0. 0
46.501 217 BAT -16 122 0 0 1 41 41 0
46.540 217 GPS 3 39887724 562044480 0 303430 30 54 1802 145230500 32 5
46.554 217 SVINFO 5 16 13 6 32 67 220
46.576 217 AIRSPEED_ETS 1606 1590 5.795455
46.591 217 GPS_SOL 954 156 187 10
46.614 217 WP_MOVED 9 398755. 5620490. 403.312012 32
46.633 217 IMU_GYRO -0.049805 -0.045654 0.067871
46.652 217 ATTITUDE 0.059734 -2.060564 -0.164393
46.666 217 AIRSPEED_ETS 1603 1590 5.738654
46.726 217 AIRSPEED_ETS 1602 1590 5.661485
46.841 217 AIRSPEED_ETS 1602 1590 5.584315
46.849 217 DOWNLINK_STATUS 0 47 23647 1319 0 578. 32. 407.76
46.860 217 IMU_ACCEL 1.106445 -1.172852 -9.21582
46.876 217 ESTIMATOR 303.830933 0.37
46.951 217 AIRSPEED_ETS 1603 1590 5.527514
46.975 217 GPS 3 39887724 562044480 0 303830 39 37 1802 145231000 32 6
46.990 217 SVINFO 6 18 13 4 26 47 107
47.006 217 AIRSPEED_ETS 1604 1590 5.472586
47.125 217 AIRSPEED_ETS 1604 1590 5.435384
47.240 217 AIRSPEED_ETS 1604 1590 5.398183
47.258 217 ATTITUDE 0.060625 -2.059693 -0.161854
47.303 217 DESIRED 0. 0. 5. -109. 28. 403. 3. 20.
47.326 217 AIRSPEED_ETS 1604 1590 5.343254
47.336 217 DL_VALUE 11 1500.
47.371 217 NAVIGATION 5 1 1.6 -2. 0. 6.6 0 0
47.389 217 CIRCLE 42.099998 64. 110.
47.412 217 AIRSPEED_ETS 1604 1590 5.306053
47.453 217 IMU_GYRO -0.048828 -0.046631 0.069092
47.466 217 ESTIMATOR 304.027802 0.29
47.505 217 GPS 3 39887724 562044608 0 304008 17 29 1802 145231500 32 7
47.519 217 AIRSPEED_ETS 1603 1590 5.249252
47.554 217 AIRSPEED 5.249252 20. 0. 0.
47.576 217 BAT -16 122 0 0 1 42 42 0
47.642 217 AIRSPEED_ETS 1602 1590 5.228883
47.661 217 IMU_MAG 0. 0. 0.
47.686 217 WP_MOVED 10 398769.09375 5620688. 403.312012 32
47.704 217 IMU_ACCEL 1.101562 -1.177734 -9.186523
47.719 217 AIRSPEED_ETS 1602 1590 5.228883
47.728 217 STATE_FILTER_STATUS 3 0
47.838 217 FBW_STATUS 0 45 0 122 0
47.849 217 DOWNLINK_STATUS 0 48 24151 1347 0 504. 28. 407.76
47.853 217 AIRSPEED_ETS 1600 1590 5.185421
47.946 217 AIRSPEED_ETS 1599 1590 5.098222
47.961 217 ATTITUDE 0.061492 -2.059043 -0.159506
48.001 217 GPS 3 39887724 562044608 0 304076 20 47 1802 145232000 32 8
48.016 217 SVINFO 8 21 13 4 30 51 65
48.031 217 AIRSPEED_ETS 1599 1590 4.991423
48.044 217 ESTIMATOR 304.170013 0.47
48.125 217 AIRSPEED_ETS 1600 1590 4.907992
48.225 217 AIRSPEED_ETS 1604 1590 4.907992
48.341 217 AIRSPEED_ETS 1604 1590 4.907992
48.388 217 DESIRED 0. 0. 5. -109. 28. 403. 3. 20.
48.420 217 NAVIGATION 5 1 1.6 -2. 0. 6.6 0 0
48.454 217 IMU_GYRO -0.047852 -0.045654 0.069092
48.454 217 AIRSPEED_ETS 1605 1590 4.926903
48.473 217 CIRCLE 42.099998 64. 110.
48.491 217 IMU_ACCEL 1.077148 -1.15918 -9.206055
48.529 217 GPS 3 39887724 562044608 0 303968 59 78 1802 145232500 32 9
48.546 217 SVINFO 9 22 13 5 32 33 157
48.560 217 AIRSPEED_ETS 1605 1590 4.965413
48.581 217 ENERGY 12.2 0. 0 0.
48.593 217 CALIBRATION 0. 0
48.611 217 GPS_SOL 939 161 187 10
48.621 217 DL_VALUE 12 0.15
48.642 217 AIRSPEED_ETS 1606 1590 5.042583
48.664 217 BAT -16 122 0 0 1 43 43 0
48.684 217 ATTITUDE 0.06241 -2.058326 -0.157187
48.698 217 ESTIMATOR 304.355469 0.88
48.717 217 AIRSPEED_ETS 1606 1590 5.119752
48.742 217 WP_MOVED 11 399103.8125 5620694.5 403.312012 32
48.825 217 AIRSPEED_ETS 1606 1590 5.240384
48.850 217 DOWNLINK_STATUS 0 49 24681 1377 0 530. 30. 407.76
48.960 217 AIRSPEED_ETS 1605 1590 5.366094
48.960 217 DOWNLINK 2 524 4848
48.981 217 AIRSPEED 5.366094 20. 0. 0.
49.017 217 GPS 3 39887768 562044608 0 304053 62 64 1802 145233000 32 10
49.032 217 SVINFO 10 26 13 4 25 5 29
49.046 217 AIRSPEED_ETS 1605 1590 5.491803
49.125 217 AIRSPEED_ETS 1603 1590 5.555634
49.242 217 AIRSPEED_ETS 1603 1590 5.536036
49.260 217 IMU_GYRO -0.048828 -0.045654 0.069092
49.279 217 IMU_ACCEL 1.086914 -1.15918 -9.191406
49.297 217 ESTIMATOR 304.494781 0.85
49.313 217 AIRSPEED_ETS 1603 1590 5.516437
49.352 217 NAVIGATION 5 1 2. -2. 0. 8.3 0 0
49.381 217 ATTITUDE 0.063421 -2.057562 -0.155067
49.428 217 DESIRED 0. 0. 5. -109. 27. 403. 3. 20.
49.450 217 AIRSPEED_ETS 1604 1590 5.497525
49.481 217 GPS 3 39887768 562044672 0 304206 33 80 1802 145233500 32 11
49.496 217 SVINFO 11 27 13 6 33 60 292
49.517 217 CIRCLE 42.099998 64. 110.
49.532 217 AIRSPEED_ETS 1606 1590 5.515816
49.551 217 IMU_MAG 0. 0. 0.
49.625 217 AIRSPEED_ETS 1606 1590 5.515816
49.741 217 AIRSPEED_ETS 1606 1590 5.515816
49.752 217 DL_VALUE 13 0.15
49.774 217 BAT -16 122 0 0 1 44 44 0
49.840 217 AIRSPEED_ETS 1604 1590 5.478614
49.850 217 DOWNLINK_STATUS 0 50 25148 1403 0 467. 26. 407.76
49.861 217 WP_MOVED 12 399291.3125 5620379.5 403.312012 32
49.876 217 ESTIMATOR 304.717682 0.76
49.949 217 AIRSPEED_ETS 1604 1590 5.459704
49.949 217 STATE_FILTER_STATUS 3 0
49.984 217 GPS 3 39887808 562044672 0 304240 78 76 1802 145234000 32 12
50.004 217 AIRSPEED_ETS 1603 1590 5.421194
50.037 217 IMU_ACCEL 1.0625 -1.149414 -9.191406
50.056 217 ATTITUDE 0.064132 -2.056902 -0.152989
50.139 217 AIRSPEED_ETS 1601 1590 5.379588
50.158 217 IMU_GYRO -0.047852 -0.045654 0.067871
50.225 217 AIRSPEED_ETS 1601 1590 5.337983
50.342 217 AIRSPEED_ETS 1603 1590 5.337983
50.365 217 AIRSPEED 5.337983 20. 0. 0.
50.392 217 NAVIGATION 5 1 2.4 -1.5 0. 8.3 0 0
50.413 217 AIRSPEED_ETS 1604 1590 5.337983
50.473 217 DESIRED 0. 0. 5. -109. 27. 403. 3. 20.
50.487 217 ESTIMATOR 304.670593 0.46
50.531 217 GPS 3 39887808 562044672 0 304145 25 46 1802 145234500 32 13
50.545 217 SVINFO 13 30 4 4 18 3 343
50.566 217 AIRSPEED_ETS 1604 1590 5.300781
50.583 217 GPS_SOL 940 149 187 10
50.602 217 CIRCLE 42.099998 64. 110.
50.622 217 AIRSPEED_ETS 1604 1590 5.26358
50.632 217 CALIBRATION 0. 0
50.755 217 AIRSPEED_ETS 1606 1590 5.26358
50.773 217 ATTITUDE 0.065075 -2.055624 -0.154514
50.780 217 PONG 
50.841 217 AIRSPEED_ETS 1606 1590 5.300781
50.850 217 DOWNLINK_STATUS 0 51 25635 1431 0 487. 28. 451.96
50.852 217 PPRZ_MODE 0 3 3 2 0 17
50.876 217 BAT -16 122 0 0 1 45 45 0
50.895 217 IMU_ACCEL 1.009766 -3.735352 -6.87793
50.913 217 AIRSPEED_ETS 1605 1590 5.319692
50.950 217 ALIVE |96,136,117,93,55,221,101,134,146,155,15,253,31,192,217,187|
50.963 217 DL_VALUE 14 3.
50.991 217 WP_MOVED 13 398483.40625 5620261.5 403.312012 32
51.033 217 GPS 3 39887768 562044672 0 303963 15 30 1802 145235000 32 14
51.048 217 AIRSPEED_ETS 1605 1590 5.358202
51.075 217 ENERGY 12.2 0. 0 0.
51.093 217 IMU_GYRO -1.816406 -0.108398 -0.023193
51.108 217 ESTIMATOR 304.49292 0.3
51.122 217 AIRSPEED_ETS 1599 1590 5.312608
51.225 217 AIRSPEED_ETS 1599 1590 5.267015
51.341 217 AIRSPEED_ETS 1600 1590 5.203183
51.368 217 NAVIGATION 5 1 2. -1.5 0. 6.5 0 0
51.453 217 AIRSPEED_ETS 1601 1590 5.141978
51.461 217 IMU_MAG 0. 0. 0.
51.485 217 ATTITUDE 0.027579 -2.027555 0.327816
51.523 217 GPS 3 39887768 562044672 0 303837 6 63 1802 145235500 32 15
51.564 217 DESIRED 0. 0. 5. -109. 28. 403. 3. 20.
51.578 217 AIRSPEED_ETS 1601 1590 5.080774
51.597 217 CIRCLE 42.099998 64. 110.
51.612 217 AIRSPEED_ETS 1604 1590 5.080774
51.643 217 IMU_ACCEL 1.90625 3.553711 -10.254883
51.656 217 ESTIMATOR 304.310303 0.76
51.742 217 AIRSPEED_ETS 1606 1590 5.080774
51.765 217 AIRSPEED 5.080774 20. 0. 0.
51.838 217 FBW_STATUS 0 45 0 122 0
51.850 217 DOWNLINK_STATUS 0 52 26171 1460 0 536. 29. 451.96
51.851 217 AIRSPEED_ETS 1606 1590 5.080774
51.954 217 AIRSPEED_ETS 1605 1590 5.080774
51.964 217 BAT -16 122 0 0 1 46 46 0
51.988 217 IMU_GYRO -0.682129 -0.176514 -0.05957
52.023 217 GPS 3 39887768 562044608 0 303751 44 37 1802 145236000 32 16
52.037 217 AIRSPEED_ETS 1605 1590 5.080774
52.058 217 WP_MOVED 14 398498.8125 5620741. 403.312012 32
52.142 217 AIRSPEED_ETS 1605 1590 5.206483
52.152 217 STATE_FILTER_STATUS 3 0
52.162 217 DL_VALUE 15 0.5
52.183 217 ATTITUDE -0.049565 -2.100065 0.53843
52.236 217 AIRSPEED_ETS 1605 1590 5.332193
52.250 217 ESTIMATOR 304.255493 0.42
52.340 217 AIRSPEED_ETS 1603 1590 5.396024
52.367 217 NAVIGATION 5 1 1.6 -2. 0. 6.6 0 0
52.448 217 AIRSPEED_ETS 1603 1590 5.43763
52.461 217 IMU_ACCEL 2.293945 5.958008 -7.414062
52.494 217 GPS 3 39887724 562044608 0 304017 21 44 1802 145236500 32 17
52.514 217 AIRSPEED_ETS 1602 1590 5.458866
52.531 217 GPS_SOL 946 131 188 10
52.585 217 DESIRED 0. 0. 5. -109. 28. 403. 3. 20.
52.614 217 AIRSPEED_ETS 2102 1590 8.178415
52.634 217 CIRCLE 42.099998 64. 110.
52.733 217 AIRSPEED_ETS 2102 1590 10.860764
52.745 217 CALIBRATION 0. 0
52.840 217 AIRSPEED_ETS 3407 1590 16.422949
52.852 217 DOWNLINK_STATUS 0 53 26630 1486 0 459. 26. 451.96
52.859 217 IMU_GYRO -0.067871 -0.046631 0.052002
52.879 217 ATTITUDE -0.02695 -2.168759 0.785971
52.893 217 ESTIMATOR 304.249329 0.35
52.912 217 AIRSPEED_ETS 107 1590 15.86524
52.955 217 GPS 3 39887724 562044608 0 303971 35 35 1802 145237000 32 18
53.041 217 AIRSPEED_ETS 107 1590 15.307528
53.063 217 BAT -16 122 0 0 1 47 47 0
53.158 217 AIRSPEED 15.307528 20. 0. 0.
53.178 217 WP_MOVED 15 399232.1875 5620837.5 403.312012 32
53.240 217 IMU_ACCEL 0.506836 6.920898 -6.317383
53.352 217 IMU_MAG 0. 0. 0.
53.364 217 DL_VALUE 16 20.
53.391 217 NAVIGATION 5 1 1.6 -2. 0. 6.6 0 0
53.453 217 ESTIMATOR 304.18277 0.21
53.485 217 GPS 3 39887724 562044608 0 303771 40 21 1802 145237500 32 19
53.505 217 AIRSPEED_ETS 1349 1590 14.74982
53.541 217 ENERGY 12.2 0. 0 0.
53.568 217 ATTITUDE -0.027229 -2.171962 0.792549
53.615 217 DESIRED 0. 0. 5. -109. 28. 403. 3. 20.
53.629 217 AIRSPEED_ETS 1604 1590 14.730908
53.690 217 CIRCLE 42.099998 64. 110.
53.713 217 AIRSPEED_ETS 1604 1590 14.750506
53.733 217 IMU_GYRO -0.098877 -0.033936 0.031738
53.824 217 AIRSPEED_ETS 1604 1590 14.770106
53.850 217 DOWNLINK_STATUS 0 54 27092 1510 0 462. 24. 451.96
53.958 217 AIRSPEED_ETS 1605 1590 14.828985
53.975 217 GPS 3 39887680 562044608 0 303563 66 62 1802 145238000 32 20
54.042 217 AIRSPEED_ETS 1605 1590 12.128347
54.052 217 DOWNLINK 2 481 4983
54.075 217 IMU_ACCEL 0.104492 7.222656 -6.399414
54.088 217 ESTIMATOR 304.03537 0.62
54.105 217 AIRSPEED_ETS 1606 1590 9.445999
54.135 217 BAT -16 122 0 0 1 48 48 0
54.163 217 WIND_INFO 217 42 0. 0. 0.
54.242 217 AIRSPEED_ETS 1606 1590 3.883815
54.262 217 WP_MOVED 16 398840.3125 5620539.5 330.312012 32
54.281 217 ATTITUDE -0.034473 -2.188154 0.813982
54.453 217 AIRSPEED_ETS 1603 1590 4.979014
54.474 217 GPS 3 39887680 562044608 0 303649 6 41 1802 145238500 32 21
54.542 217 AIRSPEED_ETS 1600 1590 5.434382
54.559 217 GPS_SOL 962 139 188 10
54.582 217 AIRSPEED 5.434382 20. 0. 0.
54.594 217 DL_VALUE 17 0.6
54.613 217 AIRSPEED_ETS 1600 1590 5.350952
54.665 217 DESIRED 0. 0. 5. -109. 29. 403. 3. 20.
54.692 217 IMU_GYRO 0.015869 -0.04248 0.065918
54.708 217 ESTIMATOR 304.03299 0.29
54.722 217 AIRSPEED_ETS 1599 1590 5.244153
54.740 217 CIRCLE 42.099998 64. 110.
54.842 217 AIRSPEED_ETS 1602 1590 5.204185
54.851 217 DOWNLINK_STATUS 0 55 27524 1534 0 432. 24. 451.96
54.852 217 CALIBRATION 0. 0
54.873 217 IMU_ACCEL -0.100586 6.858398 -6.078125
54.957 217 AIRSPEED_ETS 1602 1590 5.145307
54.960 217 ATTITUDE -0.031115 -2.188241 0.77325
54.994 217 GPS 3 39887680 562044608 0 303770 25 34 1802 145239000 32 22
55.009 217 AIRSPEED_ETS 1604 1590 5.126395
55.125 217 AIRSPEED_ETS 1605 1590 5.108105
55.241 217 AIRSPEED_ETS 1605 1590 5.089815
55.259 217 IMU_MAG 0. 0. 0.
55.284 217 BAT -16 122 0 0 1 49 49 0
55.299 217 ESTIMATOR 303.982666 0.19
55.316 217 AIRSPEED_ETS 1606 1590 5.089815
55.349 217 WP_MOVED 17 397275. 5620412. 403.312012 32
55.377 217 NAVIGATION 5 1 1.2 -2. 0. 5.4 0 0
55.535 217 AIRSPEED_ETS 1605 1590 5.230666
55.553 217 IMU_GYRO -0.018066 -0.041504 0.066895
55.648 217 COMMANDS |-16,168,0,84,-9744,9324,0|
55.669 217 AIRSPEED_ETS 1604 1590 5.314097
55.689 217 IMU_ACCEL 0.128906 6.442383 -7.021484
55.706 217 ATTITUDE -0.026417 -2.187949 0.708066
55.750 217 DESIRED 0. 0. 5. -109. 29. 403. 3. 20.
55.765 217 AIRSPEED_ETS 1604 1590 5.420896
55.776 217 DL_VALUE 18 0.
55.795 217 CIRCLE 42.099998 64. 110.
55.810 217 FBW_STATUS 0 45 0 122 0
55.836 217 AIRSPEED_ETS 1604 1590 5.460863
55.849 217 PPRZ_MODE 0 3 3 2 0 17
55.851 217 DOWNLINK_STATUS 0 56 27998 1561 0 474. 27. -4548.01
55.864 217 ESTIMATOR 303.898804 0.07
55.962 217 AIRSPEED_ETS 1603 1590 5.481232
55.971 217 ALIVE |96,136,117,93,55,221,101,134,146,155,15,253,31,192,217,187|
55.993 217 AIRSPEED 5.481232 20. 0. 0.
56.028 217 GPS 3 39887648 562044608 0 303747 27 7 1802 145240000 32 24
56.044 217 AIRSPEED_ETS 1603 1590 5.461633
56.064 217 ENERGY 12.2 0. 0 0.
56.123 217 AIRSPEED_ETS 1603 1590 5.423122
56.224 217 AIRSPEED_ETS 1606 1590 5.441413
56.341 217 AIRSPEED_ETS 1606 1590 5.441413
56.363 217 BAT -16 122 0 0 1 50 50 0
56.396 217 NAVIGATION 5 1 0.8 -2. 0. 4.7 0 0
56.414 217 ATTITUDE -0.026388 -2.18712 0.721849
56.430 217 AIRSPEED_ETS 1604 1590 5.422502
56.458 217 WP_MOVED 18 397275. 5620412. 403.312012 32
56.477 217 IMU_GYRO -0.281982 -0.070068 0.062744
56.496 217 IMU_ACCEL -0.051758 6.676758 -7.18457
56.517 217 ESTIMATOR 303.854248 -0.02
56.556 217 GPS 3 39887604 562044608 0 303659 30 -2 1802 145240500 32 25
56.570 217 AIRSPEED_ETS 1604 1590 5.403591
56.580 217 STATE_FILTER_STATUS 3 0
56.598 217 GPS_SOL 982 162 188 10
56.613 217 AIRSPEED_ETS 1605 1590 5.422502
56.740 217 AIRSPEED_ETS 1605 1590 5.441413
56.781 217 DESIRED 0. 0. 5. -110. 30. 403. 3. 20.
56.838 217 AIRSPEED_ETS 1605 1590 5.460324
56.852 217 DOWNLINK_STATUS 0 57 28482 1587 0 484. 26. -4548.01
56.858 217 CIRCLE 42.099998 64. 110.
56.962 217 AIRSPEED_ETS 1605 1590 5.498834
56.962 217 CALIBRATION 0. 0
56.968 217 DL_VALUE 19 0.
57.001 217 GPS 3 39887604 562044608 0 303717 14 23 1802 145241000 32 26
57.016 217 AIRSPEED_ETS 1605 1590 5.537344
57.041 217 ATTITUDE -0.033285 -2.19012 0.808541
57.051 217 ESTIMATOR 303.839935 0.23
57.139 217 AIRSPEED_ETS 1605 1590 5.575854
57.157 217 IMU_MAG 0. 0. 0.
57.239 217 AIRSPEED_ETS 1605 1590 5.557564
57.257 217 IMU_ACCEL 0.038086 7.131836 -6.317383
57.345 217 AIRSPEED_ETS 1606 1590 5.557564
57.370 217 AIRSPEED 5.557564 20. 0. 0.
57.397 217 NAVIGATION 5 1 0.4 -2. 0. 4.2 0 0
57.416 217 IMU_GYRO -0.078613 -0.045654 0.067871
57.430 217 AIRSPEED_ETS 1606 1590 5.594766
57.474 217 BAT -16 122 0 0 1 52 52 0
57.488 217 GPS 3 39887564 562044608 0 303742 16 38 1802 145241500 32 27
57.515 217 AIRSPEED_ETS 1605 1590 5.613677
57.537 217 WP_MOVED 19 398744.8125 5620430.5 300.312012 32
57.635 217 AIRSPEED_ETS 1605 1590 5.613677
57.650 217 ESTIMATOR 303.923645 0.23
57.739 217 AIRSPEED_ETS 1605 1590 5.613677
57.759 217 ATTITUDE -0.033023 -2.189306 0.820296
57.802 217 DESIRED 0. 0. 5. -110. 30. 403. 3. 20.
57.816 217 AIRSPEED_ETS 1605 1590 5.613677
57.853 217 DOWNLINK_STATUS 0 58 28973 1614 0 491. 27. -4548.01
57.890 217 CIRCLE 42.099998 64. 110.
57.913 217 AIRSPEED_ETS 1604 1590 5.594766
57.967 217 GPS 3 39887564 562044608 0 303658 36 26 1802 145242000 32 28
58.040 217 AIRSPEED_ETS 1604 1590 5.575854
58.058 217 IMU_ACCEL 0.051758 7.007812 -4.755859
58.133 217 AIRSPEED_ETS 1605 1590 5.575854
58.144 217 DL_VALUE 20 0.
58.240 217 AIRSPEED_ETS 1602 1590 5.516975
58.259 217 IMU_GYRO 0.498047 -0.006348 0.083008
58.274 217 ESTIMATOR 303.84436 0.36
58.341 217 AIRSPEED_ETS 1602 1590 5.439806
58.368 217 NAVIGATION 5 1 -0.4 -2. 0. 4.1 0 0
58.470 217 AIRSPEED_ETS 1601 1590 5.3414
58.470 217 ATTITUDE -0.016664 -2.18572 0.638603
58.494 217 GPS 3 39887524 562044608 0 303464 39 43 1802 145242500 32 29
58.514 217 AIRSPEED_ETS 1603 1590 5.30289
58.548 217 ENERGY 12.2 0. 0 0.
58.565 217 GPS_SOL 999 127 188 10
58.587 217 BAT -16 122 0 0 1 53 53 0
58.607 217 AIRSPEED_ETS 1603 1590 5.26438
58.638 217 WP_MOVED 20 398916.5 5620561.5 500.312012 32
58.742 217 AIRSPEED_ETS 1602 1590 5.205501
58.750 217 STATE_FILTER_STATUS 3 0
58.773 217 AIRSPEED 5.205501 20. 0. 0.
58.841 217 AIRSPEED_ETS 1602 1590 5.146622
58.853 217 DOWNLINK_STATUS 0 59 29411 1639 0 438. 25. -4548.01
58.887 217 DESIRED 0. 0. 5. -110. 31. 403. 3. 20.
58.905 217 IMU_ACCEL -0.124023 5.708984 -7.026367
58.920 217 ESTIMATOR 303.752838 0.27
58.935 217 AIRSPEED_ETS 1601 1590 5.085417
58.961 217 CIRCLE 42.099998 64. 110.
58.994 217 GPS 3 39887484 562044608 0 303405 29 27 1802 145243000 32 30
59.007 217 SVINFO 0 3 13 6 35 35 291
59.023 217 AIRSPEED_ETS 1601 1590 5.024213
59.036 217 CALIBRATION 0. 0
59.054 217 IMU_MAG 0. 0. 0.
59.142 217 AIRSPEED_ETS 1605 1590 5.024213
59.152 217 DOWNLINK 2 509 5127
59.172 217 IMU_GYRO 0.224365 -0.011475 0.081787
59.190 217 ATTITUDE 0.000138 -2.179667 0.522551
59.205 217 AIRSPEED_ETS 1604 1590 5.064181
59.341 217 AIRSPEED_ETS 1604 1590 5.104149
59.352 217 DL_VALUE 21 0.
59.379 217 NAVIGATION 5 1 -0.4 -2. 0. 4.1 0 0
59.441 217 AIRSPEED_ETS 1605 1590 5.184264
59.466 217 ESTIMATOR 303.72348 0.24
59.496 217 GPS 3 39887524 562044608 0 303448 13 24 1802 145243500 32 1
59.510 217 SVINFO 1 7 13 6 32 16 318
59.526 217 AIRSPEED_ETS 1606 1590 5.241065
59.641 217 AIRSPEED_ETS 1606 1590 5.297865
59.662 217 BAT -16 122 0 0 1 54 54 0
59.681 217 IMU_ACCEL 1.192383 0.871094 -8.770508
59.740 217 AIRSPEED_ETS 1606 1590 5.375035
59.761 217 WP_MOVED 0 398917. 5620490. 403.312012 32
59.841 217 FBW_STATUS 0 46 0 122 0
59.853 217 DOWNLINK_STATUS 0 60 29920 1668 0 509. 29. -4548.01
59.855 217 AIRSPEED_ETS 1604 1590 5.415003
59.874 217 ATTITUDE 0.070337 -2.184128 -0.010923
59.918 217 DESIRED 0. 0. 5. -110. 31. 403. 3. 20.
59.959 217 AIRSPEED_ETS 1604 1590 5.476209
59.979 217 GPS 3 39887524 562044608 0 303418 29 5 1802 145244000 32 2
59.994 217 SVINFO 2 8 13 4 28 10 335
60.015 217 CIRCLE 42.099998 64. 110.
60.028 217 AIRSPEED_ETS 1600 1590 5.453982
60.047 217 IMU_GYRO -0.046631 -0.028564 0.056396
60.061 217 ESTIMATOR 303.680817 0.05
60.140 217 AIRSPEED_ETS 1600 1590 5.35164
60.165 217 AIRSPEED 5.35164 20. 0. 0.
60.224 217 AIRSPEED_ETS 1600 1590 5.26821
60.340 217 AIRSPEED_ETS 1604 1590 5.26821
60.367 217 NAVIGATION 5 1 -0.4 -2. 0. 4.1 0 0
60.506 217 AIRSPEED_ETS 1604 1590 5.249299
60.525 217 IMU_ACCEL 1.058594 -0.277344 -9.277344
60.559 217 GPS 3 39887480 562044480 0 303279 33 12 1802 145244500 32 3
60.566 217 PONG 
60.583 217 AIRSPEED_ETS 1604 1590 5.212097
60.599 217 GPS_SOL 993 160 188 10
60.609 217 DL_VALUE 22 0.
60.629 217 ATTITUDE 0.067004 -2.17986 -0.019263
60.643 217 AIRSPEED_ETS 1606 1590 5.212097
60.658 217 ESTIMATOR 303.510468 0.04
60.741 217 AIRSPEED_ETS 1609 1590 5.263778
60.762 217 BAT -16 122 0 0 1 55 55 0
60.841 217 AIRSPEED_ETS 1609 1590 5.352661
60.853 217 PPRZ_MODE 0 3 3 2 0 17
60.854 217 DOWNLINK_STATUS 0 61 30425 1697 0 505. 29. 238.52
60.874 217 WP_MOVED 1 398874.1875 5620446.5 403.312012 32
60.941 217 AIRSPEED_ETS 1609 1590 5.441545
60.973 217 ALIVE |96,136,117,93,55,221,101,134,146,155,15,253,31,192,217,187|
60.980 217 STATE_FILTER_STATUS 3 0
60.998 217 IMU_MAG 0. 0. 0.
61.043 217 DESIRED 0. 0. 5. -110. 31. 403. 3. 20.
61.067 217 IMU_GYRO -0.045654 -0.045654 0.067871
61.080 217 SVINFO 4 15 13 4 19 7 61
61.095 217 AIRSPEED_ETS 1608 1590 5.597116
61.116 217 ENERGY 12.2 0. 0 0.
61.134 217 CIRCLE 42.099998 64. 110.
61.151 217 AIRSPEED_ETS 1608 1590 5.752688
61.160 217 CALIBRATION 0. 0
61.240 217 AIRSPEED_ETS 1605 1590 5.85503
61.259 217 IMU_ACCEL 1.014648 -0.267578 -9.277344
61.278 217 ATTITUDE 0.066978 -2.179782 -0.022351
61.292 217 ESTIMATOR 303.43631 0.26
61.312 217 AIRSPEED_ETS 1605 1590 5.873941
61.340 217 NAVIGATION 5 1 -1.3 -3. 0. 10.6 0 0
61.440 217 AIRSPEED_ETS 1604 1590 5.873941
61.476 217 GPS 3 39887436 562044480 0 303385 139 11 1802 145245500 32 5
61.488 217 SVINFO 5 16 13 6 33 66 219
61.508 217 AIRSPEED_ETS 1604 1590 5.873941
61.535 217 AIRSPEED 5.873941 20. 0. 0.
61.625 217 AIRSPEED_ETS 1602 1590 5.796771
61.733 217 AIRSPEED_ETS 1603 1590 5.688289
61.744 217 DL_VALUE 23 0.
61.840 217 AIRSPEED_ETS 1603 1590 5.579807
61.853 217 DOWNLINK_STATUS 0 62 30910 1725 0 485. 28. 238.52
61.864 217 BAT -16 122 0 0 1 56 56 0
61.883 217 IMU_GYRO -0.046631 -0.045654 0.069092
61.898 217 ESTIMATOR 303.57132 0.37
61.915 217 AIRSPEED_ETS 1604 1590 5.490925
61.971 217 WP_MOVED 2 398874.96875 5620448. 403.312012 32
61.971 217 ATTITUDE 0.067209 -2.17917 -0.02284
62.009 217 GPS 3 39887392 562044480 0 303562 92 37 1802 145246000 32 6
62.031 217 SVINFO 6 18 13 4 26 47 107
62.077 217 DESIRED 0. 0. 5. -110. 32. 403. 3. 20.
62.092 217 AIRSPEED_ETS 1606 1590 5.455985
62.116 217 IMU_ACCEL 1.03418 -0.282227 -9.282227
62.136 217 CIRCLE 42.099998 64. 110.
62.150 217 AIRSPEED_ETS 1606 1590 5.421044
62.225 217 AIRSPEED_ETS 1605 1590 5.421044
62.341 217 AIRSPEED_ETS 1605 1590 5.421044
62.370 217 NAVIGATION 5 1 -1.8 -3. 0. 12. 0 0
62.441 217 AIRSPEED_ETS 1605 1590 5.439955
62.479 217 ESTIMATOR 303.745422 0.41
62.490 217 GPS 3 39887360 562044480 0 303711 41 41 1802 145246500 32 7
62.508 217 AIRSPEED_ETS 1605 1590 5.458866
62.526 217 GPS_SOL 982 130 188 10
62.639 217 AIRSPEED_ETS 1605 1590 5.517745
62.658 217 ATTITUDE 0.067415 -2.178383 -0.023117
62.740 217 AIRSPEED_ETS 1605 1590 5.556255
62.758 217 IMU_GYRO -0.047852 -0.045654 0.067871
62.841 217 AIRSPEED_ETS 1604 1590 5.575854
62.853 217 DOWNLINK_STATUS 0 63 31388 1751 0 478. 26. 238.52
62.859 217 IMU_MAG 0. 0. 0.
62.878 217 IMU_ACCEL 1.009766 -0.282227 -9.282227
62.941 217 AIRSPEED_ETS 1605 1590 5.594765
62.971 217 AIRSPEED 5.594765 20. 0. 0.
62.981 217 DL_VALUE 24 0.
63.003 217 BAT -16 122 0 0 1 57 57 0
63.042 217 GPS 3 39887360 562044480 0 303944 79 62 1802 145247000 32 8
63.060 217 SVINFO 8 21 13 4 27 51 65
63.075 217 AIRSPEED_ETS 1605 1590 5.576475
63.095 217 WP_MOVED 3 398917.09375 5620512. 403.312012 32
63.138 217 DESIRED 0. 0. 5. -110. 33. 403. 3. 20.
63.154 217 ESTIMATOR 303.974945 0.62
63.169 217 AIRSPEED_ETS 1605 1590 5.558185
63.178 217 STATE_FILTER_STATUS 3 0
63.196 217 CIRCLE 42.099998 64. 110.
63.233 217 AIRSPEED_ETS 1601 1590 5.478069
63.244 217 CALIBRATION 0. 0
63.340 217 AIRSPEED_ETS 1601 1590 5.397954
63.367 217 NAVIGATION 5 1 -2.1 -3. 0. 13.1 0 0
63.385 217 ATTITUDE 0.067675 -2.177459 -0.023291
63.405 217 AIRSPEED_ETS 1599 1590 5.272244
63.473 217 GPS 3 39887360 562044480 0 303971 39 62 1802 145247500 32 9
63.473 217 SVINFO 9 22 13 4 29 33 157
63.539 217 AIRSPEED_ETS 1601 1590 5.192128
63.561 217 ENERGY 12.2 0. 0 0.
63.640 217 AIRSPEED_ETS 1601 1590 5.112013
63.659 217 IMU_GYRO -0.047852 -0.046631 0.069092
63.678 217 IMU_ACCEL 1.019531 -0.296875 -9.296875
63.692 217 ESTIMATOR 304.275421 0.48
63.707 217 AIRSPEED_ETS 1603 1590 5.073503
63.837 217 FBW_STATUS 0 46 0 122 0
63.851 217 AIRSPEED_ETS 1603 1590 5.053904
63.854 217 DOWNLINK_STATUS 0 64 31951 1783 0 563. 32. 238.52
63.940 217 AIRSPEED_ETS 1604 1590 5.034993
63.976 217 GPS 3 39887360 562044480 0 304117 17 56 1802 145248000 32 10
63.989 217 SVINFO 10 26 13 4 25 5 28
64.009 217 AIRSPEED_ETS 1604 1590 5.016082
64.044 217 BAT -16 122 0 0 1 58 58 0
64.071 217 ATTITUDE 0.06782 -2.176499 -0.023679
64.117 217 DESIRED 0. 0. 5. -110. 33. 403. 3. 20.
64.132 217 AIRSPEED_ETS 1602 1590 4.957202
64.145 217 DL_VALUE 25 0.
64.163 217 WIND_INFO 217 42 0. 0. 0.
64.166 217 WP_MOVED 4 398895. 5620492. 403.312012 32
64.187 217 CIRCLE 42.099998 64. 110.
64.212 217 AIRSPEED_ETS 1602 1590 4.978439
64.230 217 DOWNLINK 3 502 5272
64.246 217 ESTIMATOR 304.38913 0.51
64.401 217 AIRSPEED_ETS 1602 1590 4.999676
64.424 217 AIRSPEED 4.999676 20. 0. 0.
64.477 217 NAVIGATION 5 1 -2.1 -3. 0. 13.1 0 0
64.477 217 WIND_INFO_RET 0. 0. 4.999676
64.485 217 AIRSPEED_ETS 1602 1590 5.066506
64.504 217 NAVIGATION_REF 398875 5620448 32 300.312012
64.522 217 IMU_ACCEL 1.517578 -0.013672 -9.334961
64.557 217 GPS 3 39887360 562044480 0 304133 14 29 1802 145248500 32 11
64.573 217 SVINFO 11 27 13 7 34 60 292
64.588 217 AIRSPEED_ETS 1603 1590 5.108112
64.605 217 GPS_SOL 991 130 188 10
64.623 217 IMU_GYRO 0.038086 -0.037109 0.052002
64.638 217 AIRSPEED_ETS 1603 1590 5.149717
64.740 217 AIRSPEED_ETS 1603 1590 5.149717
64.759 217 IMU_MAG 0. 0. 0.
64.778 217 ATTITUDE 0.065543 -2.172585 -0.040926
64.835 217 AIRSPEED_ETS 1604 1590 5.169316
64.850 217 ESTIMATOR 304.355988 0.37
64.854 217 DOWNLINK_STATUS 0 65 32524 1815 0 573. 32. 238.52
64.940 217 AIRSPEED_ETS 1604 1590 5.169316
64.977 217 GPS 3 39887360 562044480 0 304013 49 37 1802 145249000 32 12
65.024 217 AIRSPEED_ETS 1606 1590 5.206518
65.140 217 AIRSPEED_ETS 1606 1590 5.283687
65.169 217 BAT -16 122 0 0 1 59 59 0
65.208 217 DESIRED 0. 0. 5. -110. 33. 403. 3. 20.
65.223 217 AIRSPEED_ETS 1606 1590 5.360857
65.245 217 WP_MOVED 5 398719.59375 5620513. 403.312012 32
65.275 217 CIRCLE 42.099998 64. 110.
65.291 217 IMU_ACCEL 0.918945 -0.488281 -9.273438
65.310 217 AIRSPEED_ETS 1603 1590 5.381226
65.319 217 STATE_FILTER_STATUS 3 0
65.344 217 CALIBRATION 0. 0
65.354 217 DL_VALUE 26 0.
65.384 217 NAVIGATION 5 1 -1.8 -3. 0. 12. 0 0
65.432 217 ACTUATORS |1110,1480,1459,1512,1496,1950,0|
65.446 217 AIRSPEED_ETS 1603 1590 5.401594
65.491 217 IMU_GYRO 0.02002 -0.052002 0.065918
65.493 217 ATTITUDE 0.065784 -2.177235 -0.061869
65.514 217 ESTIMATOR 304.262451 0.36
65.553 217 GPS 3 39887392 562044480 0 303798 88 36 1802 145249500 32 13
65.568 217 SVINFO 13 30 4 4 19 3 343
65.582 217 AIRSPEED_ETS 1603 1590 5.401594
65.741 217 AIRSPEED_ETS 1604 1590 5.421193
65.764 217 AIRSPEED 5.421193 20. 0. 0.
65.834 217 AIRSPEED_ETS 1604 1590 5.421193
65.846 217 PPRZ_MODE 0 3 3 2 0 17
65.854 217 DOWNLINK_STATUS 0 66 33007 1842 0 483. 27. -4761.69
65.940 217 AIRSPEED_ETS 1606 1590 5.458395
65.972 217 ALIVE |96,136,117,93,55,221,101,134,146,155,15,253,31,192,217,187|
66.003 217 GPS 3 39887436 562044480 0 303652 29 37 1802 145250000 32 14
66.018 217 AIRSPEED_ETS 1606 1590 5.458395
66.040 217 ENERGY 12.2 0. 0 0.
66.069 217 IMU_ACCEL 1.134766 0.013672 -9.374023
66.084 217 ESTIMATOR 304.101807 0.37
66.140 217 AIRSPEED_ETS 1606 1590 5.458395
66.159 217 ATTITUDE 0.061335 -2.172605 -0.053125
66.202 217 DESIRED 0. 0. 5. -110. 31. 403. 3. 20.
66.227 217 AIRSPEED_ETS 1605 1590 5.440104
66.249 217 BAT -16 122 0 0 1 60 60 0
66.272 217 CIRCLE 42.099998 64. 110.
66.305 217 AIRSPEED_ETS 1606 1590 5.496905
66.341 217 WP_MOVED 6 398909.8125 5620825. 403.312012 32
66.379 217 NAVIGATION 5 1 -1.3 -3. 0. 10.6 0 0
66.402 217 IMU_GYRO -0.049805 -0.045654 0.069092
66.417 217 AIRSPEED_ETS 1606 1590 5.553706
66.477 217 GPS 3 39887436 562044480 0 303836 33 61 1802 145250500 32 15
66.540 217 AIRSPEED_ETS 1604 1590 5.573305
66.558 217 GPS_SOL 998 130 188 10
66.569 217 DL_VALUE 27 0.4
66.641 217 AIRSPEED_ETS 1602 1590 5.552936
66.659 217 IMU_MAG 0. 0. 0.
66.674 217 ESTIMATOR 304.171722 0.47
66.724 217 AIRSPEED_ETS 1601 1590 5.491731
66.840 217 AIRSPEED_ETS 1601 1590 5.430527
66.855 217 DOWNLINK_STATUS 0 67 33507 1869 0 500. 27. -4761.69
66.860 217 IMU_ACCEL 1.69043 -0.420898 -8.602539
66.877 217 ATTITUDE 0.061546 -2.17171 -0.053761
66.941 217 AIRSPEED_ETS 1603 1590 5.373726
66.978 217 GPS 3 39887436 562044480 0 303920 19 45 1802 145251000 32 16
67.024 217 AIRSPEED_ETS 1604 1590 5.336525
67.140 217 AIRSPEED_ETS 1604 1590 5.299323
67.162 217 AIRSPEED 5.299323 20. 0. 0.
67.241 217 AIRSPEED_ETS 1604 1590 5.280412
67.286 217 DESIRED 0. 0. 5. -110. 31. 403. 3. 20.
67.305 217 IMU_GYRO -0.046631 -0.045654 0.067871
67.319 217 ESTIMATOR 304.226959 0.58
67.334 217 AIRSPEED_ETS 1605 1590 5.262122
67.360 217 BAT -16 122 0 0 1 61 61 0
67.380 217 CIRCLE 42.099998 64. 110.
67.405 217 NAVIGATION 5 1 -1.3 -3. 0. 10.6 0 0
67.420 217 AIRSPEED_ETS 1605 1590 5.243832
67.443 217 CALIBRATION 0. 0
67.473 217 WP_MOVED 7 398954.59375 5620627. 403.312012 32
67.499 217 GPS 3 39887436 562044480 0 304115 17 64 1802 145251500 32 17
67.528 217 AIRSPEED_ETS 1605 1590 5.262743
67.537 217 STATE_FILTER_STATUS 3 0
67.556 217 ATTITUDE 0.061553 -2.170939 -0.05242
67.639 217 AIRSPEED_ETS 1605 1590 5.321622
67.657 217 IMU_ACCEL 0.732422 -0.244141 -9.450195
67.733 217 AIRSPEED_ETS 1605 1590 5.401737
67.744 217 DL_VALUE 28 0.35
67.840 217 FBW_STATUS 0 46 0 122 0
67.855 217 AIRSPEED_ETS 1603 1590 5.443343
67.859 217 DOWNLINK_STATUS 0 68 34008 1897 0 501. 28. -4761.69
67.869 217 ESTIMATOR 304.413879 0.18
67.940 217 AIRSPEED_ETS 1603 1590 5.443343
67.975 217 GPS 3 39887436 562044480 0 304153 12 18 1802 145252000 32 18
68.023 217 AIRSPEED_ETS 1603 1590 5.423743
68.138 217 AIRSPEED_ETS 1604 1590 5.423743
68.157 217 IMU_GYRO -0.043457 -0.039307 0.065918
68.238 217 AIRSPEED_ETS 1606 1590 5.460944
68.257 217 ATTITUDE 0.062103 -2.170097 -0.05254
68.310 217 DESIRED 0. 0. 5. -110. 31. 403. 3. 20.
68.325 217 AIRSPEED_ETS 1606 1590 5.479235
68.354 217 NAVIGATION 5 1 -1.3 -3. 0. 10.6 0 0
68.377 217 CIRCLE 42.099998 64. 110.
68.409 217 AIRSPEED_ETS 1608 1590 5.532466
68.444 217 BAT -16 122 0 0 1 63 63 0
68.477 217 IMU_ACCEL 1.149414 -0.794922 -9.125
68.493 217 ESTIMATOR 304.455292 0.45
68.540 217 GPS 3 39887436 562044480 0 304286 28 45 1802 145252500 32 19
68.555 217 AIRSPEED_ETS 1607 1590 5.568483
68.580 217 ENERGY 12.2 0. 0 0.
68.598 217 GPS_SOL 1018 141 188 10
68.620 217 IMU_MAG 0. 0. 0.
68.643 217 AIRSPEED 5.568483 20. 0. 0.
68.663 217 WP_MOVED 8 399111.1875 5620499. 403.312012 32
68.678 217 AIRSPEED_ETS 1607 1590 5.604501
68.724 217 AIRSPEED_ETS 1605 1590 5.604501
68.824 217 AIRSPEED_ETS 1603 1590 5.604501
68.854 217 DOWNLINK_STATUS 0 69 34496 1923 0 488. 26. -4761.69
68.940 217 AIRSPEED_ETS 1603 1590 5.604501
68.952 217 DL_VALUE 29 0.4
68.980 217 ATTITUDE 0.062111 -2.169322 -0.052509
69.013 217 GPS 3 39887436 562044480 0 304415 23 16 1802 145253000 32 20
69.026 217 AIRSPEED_ETS 1603 1590 5.604501
69.046 217 IMU_GYRO -0.048828 -0.047852 0.069092
69.060 217 ESTIMATOR 304.550598 0.16
69.124 217 AIRSPEED_ETS 1603 1590 5.584901
69.238 217 AIRSPEED_ETS 1603 1590 5.528101
69.257 217 IMU_ACCEL 0.991211 -0.569336 -9.321289
69.340 217 AIRSPEED_ETS 1603 1590 5.4713
69.352 217 DOWNLINK 3 496 5413
69.398 217 DESIRED 0. 0. 5. -110. 31. 403. 3. 20.
69.424 217 NAVIGATION 5 1 -1.3 -3. 0. 10.6 0 0
69.440 217 AIRSPEED_ETS 1603 1590 5.37956
69.481 217 CIRCLE 42.099998 64. 110.
69.498 217 GPS 3 39887436 562044480 0 304366 16 11 1802 145253500 32 21
69.511 217 AIRSPEED_ETS 1602 1590 5.284663
69.532 217 CALIBRATION 0. 0
69.555 217 BAT -16 122 0 0 1 64 64 0
69.640 217 AIRSPEED_ETS 1602 1590 5.189766
69.661 217 WP_MOVED 9 398755. 5620490. 403.312012 32
69.682 217 ATTITUDE 0.062278 -2.168427 -0.052569
69.698 217 ESTIMATOR 304.477051 0.17
69.711 217 AIRSPEED_ETS 1602 1590 5.130887
69.720 217 STATE_FILTER_STATUS 3 0
69.824 217 AIRSPEED_ETS 1604 1590 5.150486
69.856 217 DOWNLINK_STATUS 0 70 34967 1950 0 471. 27. -4761.69
69.942 217 AIRSPEED_ETS 1604 1590 5.170086
69.979 217 AIRSPEED 5.170086 20. 0. 0.
69.989 217 IMU_GYRO -0.047852 -0.046631 0.070068
70.023 217 GPS 3 39887480 562044480 0 304291 4 7 1802 145254000 32 22
70.037 217 AIRSPEED_ETS 1605 1590 5.208596
70.063 217 IMU_ACCEL 0.961914 -0.579102 -9.273438
70.133 217 AIRSPEED_ETS 1604 1590 5.228195
70.145 217 DL_VALUE 30 0.35
70.235 217 AIRSPEED_ETS 1604 1590 5.247794
70.249 217 ESTIMATOR 304.387512 0.1
70.339 217 AIRSPEED_ETS 1602 1590 5.227426
70.373 217 NAVIGATION 5 1 -0.8 -3. 0. 9.7 0 0
70.392 217 ATTITUDE 0.062445 -2.167502 -0.052631
70.435 217 DESIRED 0. 0. 5. -110. 31. 403. 3. 20.
70.452 217 AIRSPEED_ETS 1602 1590 5.207057
70.480 217 IMU_MAG 0. 0. 0.
70.506 217 GPS 3 39887480 562044480 0 304033 12 19 1802 145254500 32 23
70.525 217 CIRCLE 42.099998 64. 110.
70.539 217 AIRSPEED_ETS 1602 1590 5.207057
70.560 217 GPS_SOL 1053 160 188 10
70.671 217 AIRSPEED_ETS 1602 1590 5.207057
70.693 217 BAT -16 122 0 0 1 65 65 0
70.698 217 PONG 
70.713 217 AIRSPEED_ETS 1605 1590 5.265936
70.736 217 WP_MOVED 10 398769.09375 5620688. 403.312012 32
70.841 217 AIRSPEED_ETS 1605 1590 5.284847
70.853 217 PPRZ_MODE 0 3 3 2 0 17
70.858 217 DOWNLINK_STATUS 0 71 35450 1977 0 483. 27. 370.31
70.879 217 IMU_GYRO -0.051025 -0.051025 0.072266
70.896 217 IMU_ACCEL 0.742188 -0.37793 -9.220703
70.911 217 ESTIMATOR 304.244904 0.37
70.925 217 AIRSPEED_ETS 1605 1590 5.303758
70.951 217 ALIVE |96,136,117,93,55,221,101,134,146,155,15,253,31,192,217,187|
70.990 217 GPS 3 39887524 562044480 0 303950 34 37 1802 145255000 32 24
71.012 217 AIRSPEED_ETS 1605 1590 5.303758
71.041 217 ENERGY 12.2 0. 0 0.
71.060 217 ATTITUDE 0.062746 -2.166512 -0.052697
71.123 217 AIRSPEED_ETS 1605 1590 5.322669
71.224 217 AIRSPEED_ETS 1604 1590 5.322669
71.340 217 AIRSPEED_ETS 1604 1590 5.362637
71.369 217 AIRSPEED 5.362637 20. 0. 0.
71.381 217 DL_VALUE 31 0.
71.408 217 NAVIGATION 5 1 -0.4 -3. 0. 9.1 0 0
71.422 217 AIRSPEED_ETS 1604 1590 5.402605
71.480 217 DESIRED 0. 0. 5. -110. 30. 403. 3. 20.
71.486 217 ESTIMATOR 304.203156 0.28
71.528 217 GPS 3 39887524 562044480 0 303992 29 28 1802 145255500 32 25
71.543 217 AIRSPEED_ETS 1604 1590 5.442573
71.564 217 CIRCLE 42.099998 64. 110.
71.640 217 AIRSPEED_ETS 1604 1590 5.482541
71.651 217 CALIBRATION 0. 0
71.670 217 IMU_ACCEL 0.953125 -0.588867 -9.253906
71.740 217 AIRSPEED_ETS 1605 1590 5.482541
71.767 217 BAT -16 122 0 0 1 66 66 0
71.786 217 IMU_GYRO -0.048828 -0.043457 0.069092
71.807 217 ATTITUDE 0.062971 -2.165786 -0.052779
71.820 217 FBW_STATUS 0 45 0 122 0
71.836 217 AIRSPEED_ETS 1605 1590 5.482541
71.856 217 WP_MOVED 11 399103.8125 5620694.5 403.312012 32
71.857 217 DOWNLINK_STATUS 0 72 36017 2008 0 567. 31. 370.31
71.941 217 AIRSPEED_ETS 1605 1590 5.482541
71.951 217 STATE_FILTER_STATUS 3 0
71.985 217 GPS 3 39887524 562044480 0 304196 32 55 1802 145256000 32 26
72.003 217 AIRSPEED_ETS 1605 1590 5.482541
72.020 217 ESTIMATOR 304.289703 0.55
72.125 217 AIRSPEED_ETS 1605 1590 5.482541
72.224 217 AIRSPEED_ETS 1603 1590 5.462942
72.340 217 AIRSPEED_ETS 1603 1590 5.443342
72.358 217 IMU_MAG 0. 0. 0.
72.385 217 NAVIGATION 5 1 -0.4 -3. 0. 9.1 0 0
72.405 217 AIRSPEED_ETS 1603 1590 5.423743
72.438 217 IMU_ACCEL 1.014648 -0.516602 -9.258789
72.483 217 ATTITUDE 0.063335 -2.165 -0.052733
72.510 217 GPS 3 39887524 562044480 0 304099 9 56 1802 145256500 32 27
72.557 217 DESIRED 0. 0. 5. -110. 30. 403. 3. 20.
72.571 217 AIRSPEED_ETS 1603 1590 5.404144
72.593 217 GPS_SOL 1077 140 188 10
72.605 217 DL_VALUE 32 0.
72.623 217 CIRCLE 42.099998 64. 110.
72.645 217 AIRSPEED_ETS 1603 1590 5.384545
72.664 217 IMU_GYRO -0.046631 -0.047852 0.071289
72.678 217 ESTIMATOR 304.359772 0.44
72.740 217 AIRSPEED_ETS 1603 1590 5.346035
72.763 217 AIRSPEED 5.346035 20. 0. 0.
72.840 217 AIRSPEED_ETS 1605 1590 5.346035
72.858 217 DOWNLINK_STATUS 0 73 36464 2033 0 447. 25. 370.31
72.862 217 BAT -16 122 0 0 1 67 67 0
72.940 217 AIRSPEED_ETS 1605 1590 5.346035
72.981 217 WP_MOVED 12 399291.3125 5620379.5 403.312012 32
72.997 217 GPS 3 39887520 562044480 0 303599 12 44 1802 145257000 32 28
73.012 217 AIRSPEED_ETS 1605 1590 5.346035
73.138 217 AIRSPEED_ETS 1605 1590 5.346035
73.157 217 ATTITUDE 0.063059 -2.164204 -0.053108
73.241 217 AIRSPEED_ETS 1603 1590 5.346035
73.260 217 IMU_ACCEL 0.948242 -0.564453 -9.249023
73.274 217 ESTIMATOR 304.04892 0.36
73.340 217 AIRSPEED_ETS 1603 1590 5.346035
73.367 217 NAVIGATION 5 1 -0.5 -3. 0. 9.2 0 0
73.859 217 DOWNLINK_STATUS 0 74 36684 2045 0 220. 12. 370.31
74.164 217 WIND_INFO 217 42 0. 0. 0.
74.859 217 DOWNLINK_STATUS 0 75 36684 2045 0 0. 0. 370.31
75.860 217 DOWNLINK_STATUS 0 76 36684 2045 0 0. 0. -4630.39
76.861 217 DOWNLINK_STATUS 0 77 36684 2045 0 0. 0. -4630.39
77.863 217 DOWNLINK_STATUS 0 78 36684 2045 0 0. 0. -4630.39
78.864 217 DOWNLINK_STATUS 0 79 36684 2045 0 0. 0. -4630.39
79.865 217 DOWNLINK_STATUS 0 80 36684 2045 0 0. 0. -4630.39
80.866 217 DOWNLINK_STATUS 0 81 36684 2045 0 0. 0. -9631.6
81.868 217 DOWNLINK_STATUS 0 82 36684 2045 0 0. 0. -9631.6
82.869 217 DOWNLINK_STATUS 0 83 36684 2045 0 0. 0. -9631.6
83.870 217 DOWNLINK_STATUS 0 84 36684 2045 0 0. 0. -9631.6
84.164 217 WIND_INFO 217 42 0. 0. 0.
84.871 217 DOWNLINK_STATUS 0 85 36684 2045 0 0. 0. -9631.6
85.872 217 DOWNLINK_STATUS 0 86 36684 2045 0 0. 0. -14632.4
86.873 217 DOWNLINK_STATUS 0 87 36684 2045 0 0. 0. -14632.4
87.875 217 DOWNLINK_STATUS 0 88 36684 2045 0 0. 0. -14632.4
88.877 217 DOWNLINK_STATUS 0 89 36684 2045 0 0. 0. -14632.4
89.877 217 DOWNLINK_STATUS 0 90 36684 2045 0 0. 0. -14632.4
90.878 217 DOWNLINK_STATUS 0 91 36684 2045 0 0. 0. -19632.82
