204 4 1542 -806 171 -1 1 -4 165152 -12650 -5971203 1473342452 672443
204 4 1542 -806 171 0 0 0 172347 -1016 -5972733 1473342452 873403
204 4 1542 -806 171 0 0 0 162490 -19091 -5970654 1473342453 74120
204 4 1542 -806 170 0 0 0 163308 13159 -5969708 1473342453 275041
204 4 1542 -806 170 0 0 0 160953 24947 -5969804 1473342453 476204
204 4 1542 -806 170 0 0 0 161847 30553 -5970512 1473342453 676707
204 4 1542 -806 170 0 0 0 170008 23646 -5969826 1473342453 877686
204 4 1542 -806 170 0 0 0 163827 21783 -5969658 1473342454 78569
204 4 1542 -806 172 1 0 5 -31381 55649 -5951398 1473342454 279402
204 4 1542 -806 172 0 0 0 -13133 32316 -5949113 1473342454 479857
204 4 1542 -806 171 0 0 -3 101856 5024 -5958130 1473342454 680512
204 4 1542 -806 172 0 0 2 -17064 58452 -5951940 1473342454 881692
204 4 1542 -806 172 0 0 0 -16849 58026 -5953130 1473342455 82234
204 4 1542 -806 170 -1 0 -5 160646 27043 -5971137 1473342455 282585
204 4 1542 -806 171 0 0 1 156850 -24878 -5971277 1473342455 483389
204 4 1542 -806 172 0 0 4 -18514 28661 -5949094 1473342455 683571
204 4 1542 -806 170 0 0 -6 166500 24801 -5970724 1473342455 884086
204 4 1542 -806 170 0 0 0 170656 29692 -5971856 1473342456 84150
204 4 1542 -806 172 1 0 6 -26149 16267 -5952694 1473342456 284505
204 4 1542 -806 172 0 0 0 -29586 30826 -5948522 1473342456 484693
204 4 1542 -806 172 0 0 0 -22882 45252 -5949805 1473342456 685734
204 4 1542 -806 172 0 0 0 -26902 42749 -5950492 1473342456 886710
204 4 1542 -806 171 -1 0 -5 160441 15871 -5968370 1473342457 87151
204 4 1542 -806 171 0 0 0 166166 -2599 -5972553 1473342457 287980
204 4 1542 -806 170 0 0 0 164045 25859 -5971309 1473342457 488702
204 4 1542 -806 170 0 0 0 158825 36787 -5971039 1473342457 689533
204 4 1542 -806 171 0 0 0 164695 4726 -5972528 1473342457 890150
204 4 1542 -806 172 0 0 5 -19395 31362 -5948364 1473342458 90456
204 4 1542 -806 171 0 0 -5 171447 31719 -5971111 1473342458 291509
204 4 1542 -806 170 0 0 0 159137 24634 -5968634 1473342458 492288
204 4 1542 -806 172 1 -1 5 -30919 41342 -5950146 1473342458 692656
204 4 1542 -806 171 0 0 -5 162002 14675 -5975962 1473342458 892900
204 4 1542 -806 170 0 0 0 162056 31433 -5970217 1473342459 92976
204 4 1542 -806 171 0 0 1 161599 -15718 -5971007 1473342459 293790
204 4 1542 -806 171 0 0 -1 161230 32726 -5970016 1473342459 494083
204 4 1542 -806 170 0 0 0 163527 23424 -5970800 1473342459 694884
204 4 1542 -806 172 1 0 5 -26813 44180 -5950150 1473342459 895850
204 4 1542 -806 171 0 0 -5 162659 -341 -5972589 1473342460 96606
204 4 1542 -806 172 0 0 5 -23515 27153 -5948323 1473342460 296808
204 4 1542 -806 171 0 0 -5 170049 2466 -5973569 1473342460 497634
204 4 1542 -806 170 0 0 0 161477 18520 -5969728 1473342460 698520
204 4 1542 -806 173 0 0 12 -159287 3551 -5982192 1473342460 898707
204 4 1542 -806 170 0 0 -12 157769 29887 -5971427 1473342461 99328
204 4 1542 -806 171 0 0 0 162741 15876 -5967888 1473342461 299471
204 4 1542 -806 171 0 0 0 159270 2234 -5971462 1473342461 499793
204 4 1542 -806 172 1 0 5 -20651 39064 -5949984 1473342461 700717
204 4 1542 -806 171 -1 0 -5 162236 3646 -5972272 1473342461 900809
204 4 1542 -806 172 1 0 5 -20694 39435 -5950101 1473342462 101846
204 4 1542 -806 172 0 0 0 -26062 10472 -5952489 1473342462 302104
204 4 1542 -806 171 -1 0 -6 165629 4379 -5972369 1473342462 502668
204 4 1542 -806 172 1 -1 4 -33041 49453 -5950920 1473342462 702864
204 4 1542 -806 171 -1 0 -5 156117 13954 -5968114 1473342462 903951
204 4 1542 -806 172 1 0 5 -22820 37224 -5950172 1473342463 104806
204 4 1542 -806 172 0 0 0 -32823 37150 -5949852 1473342463 305283
204 4 1542 -806 171 0 1 -4 170208 859 -5972439 1473342463 505810
204 4 1542 -806 171 0 0 0 167089 1854 -5972710 1473342463 706005
204 4 1542 -806 171 0 0 0 158867 27885 -5971114 1473342463 906685
204 4 1542 -806 170 0 0 0 162492 29926 -5970841 1473342464 107773
204 4 1542 -806 170 0 0 0 154675 26591 -5970543 1473342464 308655
204 4 1542 -806 172 1 0 6 -29692 9469 -5952792 1473342464 509160
204 4 1542 -806 172 0 0 0 -31997 30335 -5948772 1473342464 709819
204 4 1542 -806 171 -1 0 -5 159664 28396 -5971228 1473342464 910038
204 4 1542 -806 172 0 0 5 -23329 30565 -5948214 1473342465 110922
204 4 1542 -806 170 -1 0 -5 158068 18266 -5968483 1473342465 311081
204 4 1542 -806 171 0 0 0 155323 4395 -5971802 1473342465 512071
204 4 1542 -806 171 0 0 0 166328 -3306 -5971583 1473342465 712611
204 4 1542 -806 170 0 0 0 159649 25228 -5970761 1473342465 912740
204 4 1542 -806 170 0 0 0 164054 21524 -5969184 1473342466 113793
204 4 1542 -806 170 0 0 0 154757 27950 -5970548 1473342466 314590
204 4 1542 -806 171 0 0 0 160605 -864 -5973952 1473342466 515670
204 4 1542 -806 171 0 0 0 163495 3008 -5972050 1473342466 715846
204 4 1542 -806 171 0 0 0 156016 2808 -5971655 1473342466 916091
204 4 1542 -806 170 0 0 0 161644 20670 -5968940 1473342467 116871
204 4 1542 -806 171 0 0 0 162985 -18245 -5971389 1473342467 317023
204 4 1542 -806 171 0 0 0 157449 -16980 -5970872 1473342467 518109
204 4 1542 -806 172 1 -1 5 -36632 41379 -5950393 1473342467 719154
204 4 1542 -806 172 0 0 0 -30989 29705 -5949335 1473342467 919983
204 4 1542 -806 170 0 0 -6 160921 39471 -5973255 1473342468 121003
204 4 1542 -806 170 0 0 0 167398 18302 -5969387 1473342468 322143
204 4 1542 -806 170 0 0 0 172076 20184 -5968560 1473342468 522998
204 4 1542 -806 171 0 0 0 160695 19445 -5969325 1473342468 724101
204 4 1542 -806 172 1 0 5 -23025 35968 -5949486 1473342468 924818
204 4 1542 -806 172 0 0 0 -24630 43617 -5949500 1473342469 125329
204 4 1542 -806 170 -1 0 -5 160707 15833 -5969023 1473342469 326363
204 4 1542 -806 170 0 0 0 157601 15817 -5968611 1473342469 526712
204 4 1542 -806 172 1 0 5 -28829 41893 -5949436 1473342469 727615
204 4 1542 -806 172 0 0 0 -23084 6316 -5952703 1473342469 928209
204 4 1542 -806 172 0 0 0 -28137 42119 -5950092 1473342470 129266
204 4 1542 -806 172 0 0 0 -31272 11297 -5952368 1473342470 330185
204 4 1542 -806 171 -1 0 -5 162224 15705 -5968831 1473342470 531262
204 4 1542 -806 172 1 0 6 -20311 10621 -5962435 1473342470 732169
204 4 1542 -806 172 0 0 0 -31735 13051 -5960331 1473342470 933028
204 4 1542 -806 171 -1 0 -5 148835 5351 -5978679 1473342471 133589
204 4 1542 -806 171 0 0 0 148032 -1296 -5979525 1473342471 333604
204 4 1542 -806 172 0 0 7 -32732 -51537 -5951258 1473342471 533794
204 4 1542 -806 172 0 0 -1 -33005 20121 -5952399 1473342471 734562
204 4 1542 -806 171 0 1 -5 151206 4531 -5981290 1473342471 934728
204 4 1542 -806 172 0 0 7 -26671 -57692 -5955387 1473342472 134894
204 4 1542 -805 171 -1 0 -6 158956 -62422 -5974166 1473342472 335655
204 4 1542 -806 172 1 -1 3 -21805 21755 -5952678 1473342472 536662
204 4 1542 -806 171 0 0 -4 151201 -39776 -5975492 1473342472 737404
204 4 1542 -806 172 0 -1 4 -21707 20672 -5951099 1473342472 938446
204 4 1542 -806 172 0 0 0 -40100 12791 -5959596 1473342473 139199
204 4 1542 -806 170 -1 0 -7 156775 34346 -5974242 1473342473 339456
204 4 1542 -805 171 0 0 2 160406 -65835 -5970788 1473342473 540060
204 4 1542 -806 171 0 0 -1 153467 -2182 -5975268 1473342473 740326
204 4 1542 -806 172 0 -1 4 -22528 49823 -5953755 1473342473 941208
204 4 1542 -806 171 0 1 -4 146889 3274 -5977349 1473342474 141620
204 4 1542 -806 172 0 0 7 -19727 -52579 -5954252 1473342474 341778
204 4 1542 -806 171 0 0 -7 162178 8382 -5972735 1473342474 542685
204 4 1542 -806 172 1 0 5 -14704 19587 -5953765 1473342474 743648
204 4 1542 -806 171 0 1 -4 159740 -42746 -5975574 1473342474 944696
204 4 1542 -806 170 0 0 -2 155014 38781 -5976518 1473342475 145587
204 4 1542 -806 171 0 0 0 147093 9260 -5978990 1473342475 346554
204 4 1542 -806 170 0 0 0 158810 16046 -5970357 1473342475 547344
204 4 1542 -806 170 0 0 0 145101 35536 -5974558 1473342475 748305
204 4 1542 -806 171 0 0 0 148748 1332 -5975904 1473342475 948610
204 4 1542 -806 171 0 0 0 153357 -1449 -5977709 1473342476 149468
204 4 1542 -806 171 0 0 0 153306 2570 -5979049 1473342476 349833
204 4 1542 -806 172 0 -1 5 -18181 23662 -5951280 1473342476 550897
204 4 1542 -806 172 0 0 2 -21881 -64518 -5957344 1473342476 751949
204 4 1542 -806 171 0 0 -7 161093 20241 -5973256 1473342476 952768
204 4 1542 -806 172 1 -1 5 -28479 33661 -5956903 1473342477 153004
204 4 1542 -806 170 -1 0 -6 147795 35056 -5976363 1473342477 353349
204 4 1542 -806 172 1 0 6 -25132 11029 -5960625 1473342477 553678
204 4 1542 -806 171 -1 0 -5 150647 4910 -5979539 1473342477 753970
204 4 1542 -805 171 0 0 1 156755 -56091 -5972410 1473342477 954641
204 4 1542 -806 171 0 0 -1 149056 -815 -5976696 1473342478 155513
204 4 1542 -806 172 0 0 7 -27905 -55107 -5954925 1473342478 356508
204 4 1542 -806 170 0 0 -8 147112 42254 -5975099 1473342478 557559
204 4 1542 -805 171 0 0 2 162930 -51153 -5972897 1473342478 758247
204 4 1542 -805 173 -1 1 12 -177703 -55026 -6006079 1473342478 959278
204 4 1542 -805 171 1 -1 -12 161269 -51473 -5975091 1473342479 159441
204 4 1542 -806 172 1 -1 3 -28205 64158 -5959591 1473342479 360088
204 4 1542 -806 170 0 0 -5 147034 35164 -5977936 1473342479 561023
204 4 1542 -806 170 0 0 0 157415 17849 -5972855 1473342479 762131
204 4 1542 -806 170 0 0 0 149458 35482 -5974254 1473342479 962763
204 4 1542 -806 172 0 0 6 -22335 12939 -5952101 1473342480 162994
204 4 1542 -806 171 0 1 -5 161520 6895 -5977782 1473342480 363827
204 4 1542 -806 172 0 -1 5 -38876 44915 -5956357 1473342480 564955
204 4 1541 -805 169 -5 2 -10 273626 -12589 -6013815 1473342480 765687
204 4 1542 -806 170 3 -2 4 129880 34822 -5972705 1473342480 966180
204 4 1541 -805 170 -4 4 -4 305460 -37494 -6003326 1473342481 166332
204 4 1530 -800 200 -57 23 151 416793 -51717 -6186434 1473342481 367393
204 4 1517 -790 298 -62 50 492 223141 -849663 -6132874 1473342481 568475
204 4 1517 -763 468 0 137 849 -48085 -1245445 -5789778 1473342481 769336
204 4 1512 -732 677 -24 151 1041 91023 -1555338 -5367208 1473342481 970325
204 4 1503 -708 897 -47 119 1101 392622 -1334426 -5432731 1473342482 170551
204 4 1482 -683 1097 -103 125 998 472091 -1068133 -5927779 1473342482 370697
204 4 1458 -656 1266 -121 137 849 798936 -581725 -6484601 1473342482 570998
204 4 1439 -633 1404 -91 113 687 583080 -703763 -6979329 1473342482 772033
204 4 1429 -617 1521 -51 80 583 195588 -163892 -7251927 1473342482 972882
204 4 1434 -613 1620 24 21 498 462988 293662 -7551782 1473342483 173928
204 4 1445 -615 1702 55 -11 410 755994 -249370 -8348445 1473342483 374695
204 4 1454 -617 1767 44 -10 323 632962 -839568 -8869888 1473342483 575767
204 4 1466 -620 1802 59 -11 174 295128 -587424 -8890885 1473342483 776440
204 4 1475 -621 1803 47 -4 5 429181 -521252 -9015693 1473342483 977439
204 4 1478 -620 1791 12 1 -61 322510 -552434 -9198053 1473342484 178568
204 4 1481 -620 1788 13 3 -15 242102 -316073 -9133336 1473342484 379549
204 4 1483 -617 1781 12 13 -34 601429 -286238 -9257769 1473342484 580338
204 4 1479 -617 1734 -20 1 -235 894422 153372 -9598190 1473342484 781305
204 4 1464 -617 1617 -73 -1 -582 1177700 -319799 -10095240 1473342484 982184
204 4 1442 -615 1451 -113 11 -830 912026 -654521 -9867870 1473342485 182730
204 4 1417 -612 1239 -122 10 -1062 735883 -877800 -9471088 1473342485 383816
204 4 1413 -617 992 -19 -24 -1232 421175 -738771 -9443822 1473342485 584775
204 4 1418 -619 755 21 -10 -1183 -268051 -824039 -9783542 1473342485 785841
204 4 1425 -619 570 36 0 -925 -306144 -890592 -10030614 1473342485 986915
204 4 1430 -623 446 26 -18 -620 -481119 -593675 -10128138 1473342486 187807
204 4 1437 -635 360 34 -60 -432 -260214 -621496 -10127560 1473342486 388713
204 4 1447 -643 304 47 -38 -280 -325290 -663672 -10284403 1473342486 589655
204 4 1451 -640 257 18 15 -233 -405144 17032 -10290965 1473342486 789892
204 4 1453 -636 238 10 17 -96 -532755 -650704 -10459353 1473342486 990383
204 4 1452 -642 216 -2 -28 -107 -854349 -268959 -10726314 1473342487 191089
204 4 1451 -646 204 -5 -21 -61 -909500 -338980 -10878068 1473342487 391099
204 4 1451 -647 203 -1 -4 -6 -749162 -417774 -10923157 1473342487 591911
204 4 1452 -645 206 5 8 14 -549001 35270 -10910829 1473342487 792111
204 4 1451 -641 219 -5 20 67 -463817 84437 -10849079 1473342487 992895
204 4 1452 -640 266 7 9 232 -634191 -943390 -10655232 1473342488 193897
204 4 1459 -638 338 34 10 360 -803048 -552989 -10756467 1473342488 394967
204 4 1460 -632 434 4 26 481 -597702 -169749 -10769266 1473342488 595738
204 4 1462 -624 563 8 42 644 -795737 -662025 -10751196 1473342488 796111
204 4 1464 -612 697 12 56 670 -562958 -781052 -10664023 1473342488 996842
204 4 1463 -601 818 -5 54 603 -575925 -752045 -10625357 1473342489 197629
204 4 1459 -593 911 -22 43 465 -346294 -774440 -10718112 1473342489 397947
204 4 1462 -588 974 15 21 317 -235713 -886642 -10808137 1473342489 598657
204 4 1469 -591 1009 35 -12 174 -328709 -881343 -10885039 1473342489 799374
204 4 1481 -606 1037 61 -73 136 -426270 -613935 -10990227 1473342490 511
204 4 1510 -642 1058 142 -181 109 -399200 -394340 -11265640 1473342490 201344
204 4 1558 -701 1078 241 -293 96 -198370 -311962 -11629758 1473342490 402310
204 4 1617 -770 1092 293 -348 69 -77964 -236115 -12324569 1473342490 603154
204 4 1683 -835 1099 330 -321 39 -7285 -389867 -12984679 1473342490 803440
204 4 1756 -900 1105 364 -324 28 -269639 -172240 -13668346 1473342491 4086
204 4 1836 -975 1110 402 -377 25 -432249 32294 -14272409 1473342491 204966
204 4 1925 -1064 1119 445 -446 43 -338034 263300 -14663782 1473342491 405182
204 4 2024 -1167 1130 492 -516 54 -38428 297693 -15014593 1473342491 606263
204 4 2134 -1285 1125 550 -590 -24 -88868 710092 -15090683 1473342491 807126
204 4 2251 -1400 1117 584 -570 -40 -214613 566910 -15578997 1473342492 7874
204 4 2349 -1484 1104 490 -420 -65 -355649 892117 46661186 1473342492 208312
204 4 2446 -1551 1087 485 -337 -80 -486155 771402 46075072 1473342492 408557
204 4 2542 -1614 1079 482 -316 -43 -592766 381097 45642507 1473342492 609498
204 4 2631 -1677 1077 443 -311 -8 -527317 266943 45036848 1473342492 810467
204 4 2710 -1743 1087 392 -334 49 -496938 253914 44551621 1473342493 11472
204 4 2771 -1798 1088 306 -272 3 179039 161994 44308313 1473342493 212464
204 4 2791 -1805 1089 97 -34 6 -173708 -253559 44251934 1473342493 413554
204 4 2755 -1760 1090 -179 223 3 -761680 -536230 44441562 1473342493 614370
204 4 2671 -1668 1075 -418 460 -77 -509690 -470740 44423285 1473342493 815056
204 4 2564 -1553 1060 -535 575 -72 -694351 -341176 44266745 1473342494 15534
204 4 2468 -1444 1063 -476 544 16 -792788 23189 44526959 1473342494 215538
204 4 2398 -1353 1084 -353 457 104 -630364 -371601 45052581 1473342494 415550
204 4 2332 -1268 1104 -329 423 99 -467783 -641454 45645432 1473342494 615576
204 4 2256 -1183 1119 -381 426 74 -404527 -211862 45799112 1473342494 815582
204 4 2212 -1137 1120 -216 228 3 -510522 518138 45681182 1473342495 16512
204 4 2246 -1147 1110 170 -48 -50 -370906 534163 45250291 1473342495 217504
204 4 2351 -1215 1102 521 -339 -35 167059 376858 44096645 1473342495 418527
204 4 2553 -1321 1100 1010 -533 -12 432366 592201 42031643 1473342495 619400
204 4 2862 -1416 1083 1544 -473 -87 596578 355716 38925209 1473342495 820305
204 4 3225 -1469 1070 1815 -262 -62 285028 215914 35715354 1473342496 21296
204 4 3594 -1492 1053 1685 -108 -81 -15926 380459 32277996 1473342496 221597
204 4 3946 -1521 1015 1451 -122 -160 -97360 -239569 29933860 1473342496 422659
204 4 4234 -1556 1015 1172 -140 -13 -215075 60752 27831810 1473342496 623598
204 4 4411 -1586 1029 1172 -140 -13 -280394 324718 26600984 1473342496 823620
204 4 2701 -752 168 61 -12 8 124239 -137895 -13281470 1473342605 805533
204 4 2701 -752 168 0 0 1 168871 -167251 -13279933 1473342606 5776
204 4 2701 -752 168 0 0 1 147915 -180941 -13277092 1473342606 206477
204 4 2701 -752 169 0 0 0 156237 -170584 -13276329 1473342606 407447
204 4 2701 -752 169 0 0 0 153378 -161763 -13275856 1473342606 607485
204 4 2701 -752 168 0 0 -1 152905 -185976 -13276916 1473342606 808119
204 4 2701 -752 168 0 0 0 139274 -185390 -13276043 1473342607 8490
204 4 2701 -752 168 0 0 0 146068 -188027 -13274744 1473342607 209519
204 4 2701 -752 168 0 0 0 149603 -188672 -13275908 1473342607 409716
204 4 2701 -752 168 0 0 0 140503 -183886 -13276004 1473342607 610674
204 4 2701 -752 169 0 2 2 300528 -310466 -13237757 1473342607 811446
204 4 2701 -752 169 0 0 1 307546 -284040 -13238178 1473342608 11687
204 4 2701 -752 169 0 0 0 302019 -293724 -13237209 1473342608 212579
204 4 2701 -752 169 0 -1 -2 224485 -254573 -13253781 1473342608 413445
204 4 2701 -752 168 0 -1 0 149616 -192563 -13276473 1473342608 614441
204 4 2701 -752 168 0 0 -3 48180 -114298 -13272427 1473342608 815341
204 4 2701 -752 169 0 2 6 319120 -291849 -13236835 1473342609 16350
204 4 2701 -752 169 0 -2 -3 159486 -161477 -13276842 1473342609 216621
204 4 2701 -752 168 0 0 0 144170 -185510 -13275975 1473342609 416629
204 4 2701 -752 168 0 0 -2 49813 -85732 -13273255 1473342609 616785
204 4 2701 -752 168 0 0 0 47196 -90078 -13273432 1473342609 816784
204 4 2701 -752 169 0 0 3 156216 -163990 -13276471 1473342610 17744
204 4 2701 -752 168 0 0 -4 39277 -125831 -13272845 1473342610 218003
204 4 2701 -752 169 0 0 4 165772 -161473 -13275612 1473342610 418651
204 4 2701 -752 168 0 0 -3 38187 -89174 -13273646 1473342610 619688
204 4 2701 -752 169 0 0 3 160623 -166968 -13275814 1473342610 820524
204 4 2701 -752 169 0 2 2 311823 -290131 -13238988 1473342611 21207
204 4 2701 -752 168 0 -2 -6 45857 -91139 -13274288 1473342611 222023
204 4 2701 -752 169 0 2 6 298724 -305221 -13238025 1473342611 422801
204 4 2701 -752 169 0 0 0 301613 -281626 -13239762 1473342611 623554
204 4 2701 -752 168 0 0 -6 104230 -180299 -13263345 1473342611 824275
204 4 2701 -752 168 0 -2 2 150852 -189787 -13275579 1473342612 24558
204 4 2701 -752 168 0 0 -2 46406 -90375 -13272666 1473342612 224814
204 4 2701 -752 169 0 0 3 157037 -170115 -13276250 1473342612 425011
204 4 2701 -752 169 0 2 3 307167 -278923 -13238455 1473342612 625853
204 4 2701 -752 168 0 -2 -6 45085 -99050 -13273640 1473342612 826788
204 4 2701 -752 168 0 0 0 64194 -94749 -13271708 1473342613 26939
204 4 2701 -752 168 0 0 0 52055 -87495 -13272420 1473342613 227856
204 4 2701 -752 168 0 0 0 48064 -97194 -13273015 1473342613 428887
204 4 2701 -752 168 0 0 0 46379 -94636 -13273739 1473342613 629720
204 4 2701 -752 169 0 2 6 314275 -286265 -13237667 1473342613 829947
204 4 2701 -752 169 0 0 -1 294460 -310315 -13238632 1473342614 30566
204 4 2701 -752 169 0 -2 -2 158782 -160360 -13275508 1473342614 231588
204 4 2701 -752 168 0 0 -2 33927 -95260 -13274337 1473342614 432423
204 4 2701 -752 169 0 0 3 159406 -164577 -13276842 1473342614 632578
204 4 2701 -752 169 0 0 0 153826 -163626 -13275765 1473342614 832984
204 4 2701 -752 169 0 0 0 175911 -165296 -13275332 1473342615 32991
204 4 2701 -752 168 0 0 -3 56534 -99190 -13272528 1473342615 233890
204 4 2701 -752 168 0 0 0 44358 -114013 -13273876 1473342615 435002
204 4 2701 -752 168 0 0 0 43755 -80633 -13273840 1473342615 636097
204 4 2701 -752 169 0 2 7 308502 -280206 -13238812 1473342615 836662
204 4 2701 -752 167 1 -4 -12 -97176 -85968 -13291590 1473342616 36925
204 4 2701 -752 168 0 1 5 44746 -85256 -13274557 1473342616 237203
204 4 2701 -752 169 0 2 6 307481 -284662 -13238113 1473342616 438255
204 4 2701 -752 168 0 -2 -6 44595 -97284 -13272313 1473342616 638762
204 4 2701 -752 168 0 0 2 154818 -181226 -13275687 1473342616 839495
204 4 2701 -752 169 -1 2 3 296467 -278324 -13239821 1473342617 40593
204 4 2701 -752 169 0 0 0 301321 -290018 -13236801 1473342617 241133
204 4 2701 -752 168 1 -2 -3 168107 -196652 -13273977 1473342617 441163
204 4 2701 -752 169 0 2 3 310335 -286093 -13238264 1473342617 642287
204 4 2701 -752 169 1 -2 -3 155866 -158475 -13274615 1473342617 843123
204 4 2701 -752 169 0 2 2 297481 -296810 -13238658 1473342618 44105
204 4 2701 -752 168 0 -2 -5 49386 -92932 -13272212 1473342618 245112
204 4 2701 -752 169 0 2 6 307399 -287362 -13238244 1473342618 446182
204 4 2701 -752 169 0 0 0 300761 -303923 -13238364 1473342618 647159
204 4 2701 -752 169 0 0 0 315449 -287305 -13237371 1473342618 847954
204 4 2701 -752 169 0 -2 -2 176306 -171741 -13275398 1473342619 49078
204 4 2701 -752 169 0 2 2 308330 -282321 -13239242 1473342619 249240
204 4 2701 -752 168 0 -2 -5 48405 -98078 -13272420 1473342619 449746
204 4 2701 -752 168 0 0 0 51229 -91651 -13274233 1473342619 650424
204 4 2701 -752 169 0 2 6 312362 -283634 -13237196 1473342619 850523
204 4 2701 -752 168 0 -2 -6 62664 -86526 -13273779 1473342620 51254
204 4 2701 -752 168 0 0 0 55842 -100427 -13271367 1473342620 252361
204 4 2701 -752 168 0 0 0 47647 -88478 -13273604 1473342620 453382
204 4 2701 -752 169 0 0 3 158245 -165845 -13276658 1473342620 654057
204 4 2701 -752 169 0 2 2 312002 -278462 -13237928 1473342620 854318
204 4 2701 -752 168 0 -2 -6 51695 -92659 -13272987 1473342621 55200
204 4 2701 -752 168 0 0 -1 37001 -114700 -13273337 1473342621 256007
204 4 2701 -752 168 0 0 1 46339 -92155 -13273015 1473342621 456924
204 4 2701 -752 169 0 0 3 162181 -158654 -13275533 1473342621 657655
204 4 2701 -752 169 0 2 2 309542 -281039 -13237669 1473342621 858775
204 4 2701 -752 168 1 -2 -3 168520 -197795 -13274435 1473342622 59789
204 4 2701 -752 169 0 2 3 315040 -284677 -13237958 1473342622 260534
204 4 2701 -752 169 0 0 0 305974 -283228 -13239204 1473342622 461364
204 4 2701 -752 169 0 0 0 310308 -293058 -13237130 1473342622 662428
204 4 2701 -752 169 0 0 0 309266 -312769 -13236023 1473342622 862550
204 4 2701 -752 169 0 0 0 313257 -283376 -13235992 1473342623 63475
204 4 2701 -752 168 0 -2 -7 54771 -93061 -13271742 1473342623 264160
204 4 2701 -752 168 0 0 0 46242 -93809 -13273361 1473342623 464336
204 4 2701 -752 169 0 2 5 317616 -285875 -13236584 1473342623 664606
204 4 2701 -752 169 0 0 0 310300 -285449 -13237467 1473342623 865461
204 4 2701 -752 169 0 0 0 309734 -283526 -13238866 1473342624 66659
204 4 2701 -752 169 0 0 0 315018 -296260 -13236213 1473342624 266853
204 4 2701 -752 169 0 0 0 307241 -282484 -13238445 1473342624 467669
204 4 2701 -752 169 0 0 0 316145 -288352 -13236992 1473342624 668603
204 4 2701 -752 169 1 -2 -3 163893 -159912 -13276998 1473342624 868872
204 4 2701 -752 169 -1 2 3 309782 -293748 -13237625 1473342625 69739
204 4 2701 -752 168 0 -2 -5 62172 -94074 -13272144 1473342625 270674
204 4 2701 -752 169 0 2 6 305218 -287000 -13238058 1473342625 471106
204 4 2701 -752 169 0 0 0 300688 -285734 -13238688 1473342625 671764
204 4 2701 -752 169 0 0 0 308867 -287866 -13238468 1473342625 872834
204 4 2701 -752 169 0 0 0 303131 -285908 -13237322 1473342626 73508
204 4 2701 -752 168 0 -2 -6 38345 -91925 -13273373 1473342626 273826
204 4 2701 -752 168 0 0 0 48083 -103846 -13272776 1473342626 473875
204 4 2701 -752 168 0 0 0 45179 -100116 -13273464 1473342626 674968
204 4 2701 -752 169 0 0 3 179396 -175445 -13274281 1473342626 876064
204 4 2701 -752 169 0 2 2 314463 -286277 -13237111 1473342627 76828
204 4 2701 -752 169 0 0 0 311018 -281105 -13237787 1473342627 277903
204 4 2701 -752 168 0 -2 -6 48893 -91684 -13273155 1473342627 478124
204 4 2701 -752 168 0 0 0 56857 -93621 -13273259 1473342627 678788
204 4 2701 -752 169 0 2 6 308212 -290205 -13236645 1473342627 879662
204 4 2701 -752 167 1 -4 -12 -109406 -81105 -13294002 1473342628 80617
204 4 2701 -752 168 0 1 4 58963 -123894 -13271276 1473342628 281619
204 4 2701 -752 169 0 2 7 308223 -284846 -13237823 1473342628 481917
204 4 2701 -752 169 0 -2 -2 174091 -175326 -13275683 1473342628 681997
204 4 2701 -752 169 0 2 2 306004 -271656 -13239825 1473342628 883147
204 4 2701 -752 168 0 -2 -6 54683 -91558 -13272556 1473342629 84255
204 4 2701 -752 168 0 0 0 53545 -86872 -13273221 1473342629 284412
204 4 2701 -752 168 0 0 0 50877 -102802 -13272181 1473342629 485058
204 4 2701 -752 169 0 2 6 315195 -277060 -13237545 1473342629 685914
204 4 2701 -752 169 0 0 0 319828 -285450 -13237536 1473342629 886148
204 4 2701 -752 168 0 -2 -6 45283 -88839 -13273018 1473342630 87019
204 4 2701 -752 168 0 0 0 45678 -90315 -13273485 1473342630 288111
204 4 2701 -752 168 0 0 0 54254 -93883 -13271597 1473342630 488824
204 4 2701 -752 167 0 -1 -5 -83534 -63601 -13291577 1473342630 689254
204 4 2701 -752 168 0 1 5 50901 -94744 -13272093 1473342630 889974
204 4 2701 -752 169 0 2 6 310148 -282558 -13237982 1473342631 90410
204 4 2701 -752 168 0 -2 -6 45232 -97285 -13272447 1473342631 290821
204 4 2701 -752 168 0 0 0 57130 -90275 -13272012 1473342631 491219
204 4 2701 -752 169 0 2 6 318639 -276815 -13238337 1473342631 691675
204 4 2701 -752 168 0 -2 -6 40707 -89754 -13272530 1473342631 892466
204 4 2701 -752 169 0 2 6 320680 -287444 -13236925 1473342632 93238
204 4 2701 -752 169 0 0 -1 296177 -308502 -13237018 1473342632 294329
204 4 2701 -752 168 0 -2 -5 58948 -85660 -13273361 1473342632 495376
204 4 2701 -752 168 0 0 0 51781 -120297 -13270884 1473342632 695615
204 4 2701 -752 168 0 0 0 54535 -90797 -13271452 1473342632 896199
204 4 2701 -752 169 0 2 7 311794 -287812 -13237961 1473342633 97269
204 4 2701 -752 168 0 -2 -6 59145 -94133 -13273044 1473342633 298002
204 4 2701 -752 169 0 2 6 302685 -275874 -13238255 1473342633 498329
204 4 2701 -752 168 0 -2 -6 51520 -89161 -13272233 1473342633 698363
204 4 2701 -752 169 0 2 6 310299 -289445 -13236703 1473342633 898481
204 4 2701 -752 169 0 -2 -2 161931 -165526 -13275944 1473342634 99288
204 4 2701 -752 169 0 2 2 311748 -297584 -13236701 1473342634 300349
204 4 2701 -752 169 0 0 0 309415 -289508 -13237570 1473342634 500593
204 4 2701 -752 168 0 -2 -7 54480 -97478 -13271915 1473342634 701475
204 4 2701 -752 169 0 2 6 316286 -291333 -13237464 1473342634 902484
204 4 2701 -752 168 0 -2 -6 54962 -94331 -13271476 1473342635 103377
204 4 2701 -752 168 0 2 0 100707 -178225 -13263559 1473342635 304376
204 4 2701 -752 169 -1 0 6 315572 -283455 -13237618 1473342635 505404
204 4 2701 -752 168 0 -2 -6 54128 -92321 -13273073 1473342635 706323
204 4 2701 -752 169 0 2 6 307900 -287783 -13237049 1473342635 906668
204 4 2701 -752 168 0 -2 -6 55195 -92464 -13272960 1473342636 107811
204 4 2701 -752 169 0 2 6 327064 -291378 -13236007 1473342636 308350
204 4 2701 -752 169 0 0 0 321587 -297213 -13236617 1473342636 508742
204 4 2701 -752 169 0 0 0 311222 -285143 -13238291 1473342636 708967
204 4 2701 -752 169 0 0 0 313886 -286327 -13238264 1473342636 909645
204 4 2701 -752 168 0 -2 -7 47491 -93096 -13273339 1473342637 110549
204 4 2701 -752 168 0 0 0 61658 -94697 -13271758 1473342637 310981
204 4 2701 -752 169 0 2 5 308419 -279953 -13238916 1473342637 511625
204 4 2701 -752 169 0 -2 -3 168651 -166899 -13273915 1473342637 712265
204 4 2701 -752 168 0 0 -3 40307 -87884 -13274403 1473342637 913345
204 4 2701 -752 169 0 2 6 313501 -288077 -13237972 1473342638 113652
204 4 2701 -752 169 0 0 0 307879 -279709 -13238342 1473342638 314399
204 4 2701 -752 169 0 0 0 311996 -287117 -13237636 1473342638 515140
204 4 2701 -752 169 0 -2 -2 168056 -177127 -13276799 1473342638 715769
204 4 2700 -751 170 -2 4 4 213390 -433769 -13255173 1473342638 916834
204 4 2701 -752 168 0 -2 -6 -21494 -261353 -13293403 1473342639 117922
204 4 2700 -751 170 0 2 6 209922 -435367 -13253551 1473342639 319098
204 4 2701 -752 168 0 -2 -6 -24451 -258168 -13292100 1473342639 520159
204 4 2700 -751 170 -1 2 6 216112 -452606 -13245837 1473342639 721000
204 4 2701 -751 168 1 0 -7 38299 -338765 -13269376 1473342639 922157
204 4 2701 -752 169 0 -2 2 83759 -278625 -13345653 1473342640 123001
204 4 2701 -751 168 0 2 -3 9847 -366340 -13272604 1473342640 323155
204 4 2700 -752 169 -3 -2 5 7650 -341322 -13249287 1473342640 524012
204 4 2698 -746 178 -9 26 42 -335567 -695513 -12966297 1473342640 724202
204 4 2698 -740 199 -1 31 104 186269 192599 -12929627 1473342640 925011
204 4 2694 -741 255 -20 -2 281 -549128 -493143 -13128552 1473342641 126014
204 4 2682 -746 349 -56 -24 470 -556989 -419765 -13074917 1473342641 327143
204 4 2670 -750 470 -61 -21 607 -826992 -287302 -13386784 1473342641 527999
204 4 2675 -751 598 24 -6 636 -462901 -507158 -13348940 1473342641 729163
204 4 2688 -746 721 67 24 617 -579911 -633475 -13245666 1473342641 929953
204 4 2710 -737 811 105 46 449 -638162 -638117 -12736072 1473342642 130848
204 4 2732 -733 855 113 17 220 -638383 -901970 -12300362 1473342642 331092
204 4 2743 -732 884 55 7 145 -821607 -611334 -12572194 1473342642 531145
204 4 2745 -729 905 8 12 101 -657643 -607023 -12705635 1473342642 731450
204 4 2739 -731 919 -32 -8 74 -599214 -191099 -12978763 1473342642 932295
204 4 2732 -736 930 -35 -26 53 -437162 -518518 -13060702 1473342643 132416
204 4 2717 -758 938 -72 -106 41 -587175 -180722 -13294360 1473342643 333241
204 4 2690 -788 956 -132 -150 87 -514806 -185477 -13530206 1473342643 534218
204 4 2644 -814 973 -233 -133 87 -185711 -340014 -13014561 1473342643 734369
204 4 2569 -840 973 -371 -126 -3 -157459 -431063 -12742236 1473342643 935232
204 4 2452 -873 963 -585 -168 -46 -263566 -534713 -12717402 1473342644 135410
204 4 2306 -918 966 -729 -224 14 -531239 -480926 -13076963 1473342644 336460
204 4 2147 -977 972 -794 -296 28 -659271 -389433 -13773804 1473342644 537490
204 4 1969 -1053 962 -894 -379 -48 -547742 -68255 -14472856 1473342644 738095
204 4 1767 -1145 960 -1005 -456 -13 -1029651 81873 -14642318 1473342644 938784
204 4 1573 -1231 976 -974 -432 84 -1034575 -278814 -14430532 1473342645 138977
204 4 1371 -1318 968 -1005 -435 -43 -454888 190218 -14422954 1473342645 339206
204 4 1154 -1399 950 -1086 -405 -88 -293992 192573 -14137482 1473342645 539470
204 4 933 -1483 974 -1105 -420 119 -435046 -216413 -13898649 1473342645 739985
204 4 732 -1573 997 -1006 -446 114 -642507 -503981 -13750672 1473342645 940628
204 4 530 -1667 987 -1008 -471 -51 -452875 -575929 -13567225 1473342646 140985
204 4 343 -1751 1007 -933 -418 101 -501855 -389270 -13406297 1473342646 342027
204 4 159 -1831 1023 -924 -400 80 -40236 -318476 -13314328 1473342646 542489
204 4 -38 -1907 1008 -989 -380 -77 274499 5126 -13295369 1473342646 743139
204 4 -230 -1973 1010 -960 -329 9 4045 -180931 -13165704 1473342646 944176
204 4 -405 -2035 1021 -875 -308 57 -114632 -318077 -13030070 1473342647 145339
204 4 -584 -2094 1004 -894 -294 -83 -181166 -319983 -12686527 1473342647 346223
204 4 -770 -2151 997 -927 -289 -37 -754534 -535858 -12054763 1473342647 547070
204 4 -946 -2201 1016 -882 -249 97 -1204391 -338155 -11913674 1473342647 747468
204 4 -1133 -2232 1012 -931 -153 -23 -751203 -561008 -11037887 1473342647 947594
204 4 -1347 -2244 988 -1070 -58 -118 -636839 -525259 -10122145 1473342648 147620
204 4 -1543 -2239 1006 -981 24 90 -587893 -867288 -9448852 1473342648 348597
204 4 -1721 -2216 1021 -892 112 76 -328489 -685369 -8820750 1473342648 549494
204 4 -1895 -2171 1010 -870 226 -56 -155377 -575144 -7983670 1473342648 750451
204 4 -2058 -2112 1014 -810 292 21 -582448 -565110 -6918338 1473342648 951594
204 4 -2202 -2038 1033 -723 370 92 -295340 -581155 -5665900 1473342649 152285
204 4 -2349 -1940 1014 -733 492 -94 27248 -528072 -4453790 1473342649 352799
204 4 -2490 -1818 992 -706 609 -108 181426 -729892 -3733746 1473342649 553623
204 4 -2615 -1696 998 -624 612 31 -385343 -1089909 -3389510 1473342649 754340
204 4 -2737 -1571 992 -607 622 -32 -145680 -1071815 -2838937 1473342649 955276
204 4 -2877 -1420 975 -703 753 -85 -132334 -921555 -2520962 1473342650 155896
204 4 -3005 -1273 987 -638 734 62 -376045 -1075461 -2188809 1473342650 355895
204 4 -3126 -1127 999 -602 731 60 -146419 -960586 -2000467 1473342650 556716
204 4 -3249 -958 979 -614 847 -102 12202 -880423 -1882544 1473342650 757634
204 4 -3365 -771 981 -582 931 9 -68447 -1311342 -1966790 1473342650 958257
204 4 -3470 -605 994 -524 828 66 -250636 -511588 -1583062 1473342651 158830
204 4 -3568 -437 987 -490 841 -36 267546 -755173 -627068 1473342651 359682
204 4 -3653 -258 977 -422 897 -45 429118 -179341 1008964 1473342651 560635
204 4 -3690 -92 995 -184 827 89 217297 -290808 2981988 1473342651 761639
204 4 -3683 73 987 34 829 -41 1092721 -346988 5011443 1473342651 962640
204 4 -3649 257 955 135 758 -131 1205509 -55053 6465007 1473342652 163479
204 4 -3603 439 965 230 911 52 831848 15921 7497802 1473342652 363971
204 4 -3542 605 984 307 828 92 422741 74467 8691665 1473342652 565086
204 4 -3461 762 960 403 784 -118 606693 296346 10469486 1473342652 765951
204 4 -3369 908 961 417 663 4 365883 -25210 11903380 1473342652 966055
204 4 -3258 1029 981 554 609 102 484437 -17042 13165117 1473342653 166923
204 4 -3110 1146 954 743 580 -135 771298 240433 14221367 1473342653 367805
204 4 -2929 1256 937 904 554 -86 459516 174067 14876985 1473342653 568913
204 4 -2746 1354 967 914 485 150 115202 -197303 15374187 1473342653 769325
204 4 -2563 1439 969 914 429 7 320133 407866 16121540 1473342653 970085
204 4 -2368 1516 949 976 385 -96 90616 448734 17164809 1473342654 171127
204 4 -2188 1572 969 901 279 96 647213 749879 18254405 1473342654 371808
204 4 -2003 1613 971 924 203 11 386077 96395 18801354 1473342654 572339
204 4 -1781 1631 956 1107 90 -73 -277955 24377 19326674 1473342654 773390
204 4 -1572 1624 975 1048 -35 95 88526 510537 19967250 1473342654 974524
204 4 -1381 1600 987 951 -120 56 62589 383387 20414282 1473342655 175264
204 4 -1176 1563 964 1027 -185 -112 -4448 197622 21335861 1473342655 376173
204 4 -978 1516 971 987 -234 33 266080 367368 22196618 1473342655 577196
204 4 -785 1458 990 963 -288 95 288237 348005 22784280 1473342655 778215
204 4 -576 1383 970 1047 -375 -99 128913 253310 23147882 1473342655 978932
204 4 -360 1289 953 1080 -469 -84 298506 83098 23281504 1473342656 179782
204 4 -157 1195 969 1017 -470 78 756162 536313 23097386 1473342656 380144
204 4 37 1110 963 971 -424 -26 704979 672264 23431192 1473342656 580552
204 4 251 1022 940 1072 -440 -118 612311 659495 23857095 1473342656 781647
204 4 460 939 962 1042 -415 110 906221 770069 23952440 1473342656 982560
204 4 667 851 968 1037 -443 29 614476 937941 24018714 1473342657 183479
204 4 883 750 934 1078 -503 -166 452720 858106 23917879 1473342657 384503
204 4 1086 645 940 1017 -526 29 793411 1152151 24042646 1473342657 585617
204 4 1282 547 952 976 -485 60 710854 979045 23832153 1473342657 786549
204 4 1478 446 938 983 -506 -72 274153 980852 23918990 1473342657 987312
204 4 1659 347 948 904 -495 50 757365 1101785 23904228 1473342658 188382
204 4 1842 250 962 913 -485 69 811318 919873 23607199 1473342658 388806
204 4 2054 145 938 1062 -526 -116 702882 716917 23034654 1473342658 589899
204 4 2254 56 943 995 -444 21 558904 1093227 22593447 1473342658 790773
204 4 2455 4 957 1007 -259 71 839474 951604 21713408 1473342658 991728
204 4 2659 -27 929 1020 -156 -139 669831 586205 21259470 1473342659 191946
204 4 2844 -44 896 925 -85 -167 721808 292063 21130389 1473342659 392971
204 4 2997 -65 806 762 -106 -449 382542 315207 20760177 1473342659 593835
204 4 3101 -83 593 518 -93 -1064 6744 -847852 20390606 1473342659 794946
204 4 3159 -93 371 263 -42 -1003 -47505 -787719 19173762 1473342659 995980
204 4 3195 -87 222 94 -6 -347 11843 -1202979 18694679 1473342660 196675
204 4 3203 -82 173 94 -6 -347 -317422 -1028433 18324299 1473342660 396958
204 4 3202 -80 160 1 1 -17 250620 202282 17441958 1473342660 999974
204 4 3202 -79 162 -7 4 1 300643 -32058 17431915 1473342661 201138
204 4 3202 -79 162 0 0 2 369455 -115834 17431534 1473342661 402129
204 4 3202 -79 163 0 0 0 284628 -31052 17434206 1473342661 602911
204 4 3202 -79 163 0 0 1 295808 -76478 17440561 1473342661 803098
204 4 3202 -79 163 0 0 0 293224 -70157 17442644 1473342662 4194
204 4 3202 -79 163 0 0 0 276183 -69302 17439885 1473342662 204850
204 4 3202 -79 163 0 0 0 288372 -76082 17440025 1473342662 405427
204 4 3202 -79 163 0 0 0 281019 -70442 17439479 1473342662 606205
204 4 3202 -79 163 0 0 0 286271 -66021 17440834 1473342662 806535
204 4 3202 -79 163 0 0 0 276970 -67281 17440174 1473342663 7365
204 4 3202 -79 163 0 0 0 283046 -67524 17440150 1473342663 207696
204 4 3202 -79 163 0 0 0 292833 -64209 17440553 1473342663 408246
204 4 3202 -79 163 0 0 0 291573 -68759 17440957 1473342663 609129
204 4 3202 -79 163 0 0 0 290377 -65316 17440503 1473342663 810014
204 4 3202 -79 163 0 0 0 299305 -74478 17442540 1473342664 10305
204 4 3202 -79 163 0 0 -1 281592 -81417 17440005 1473342664 211147
204 4 3202 -79 163 0 0 0 296577 -61919 17440801 1473342664 411934
204 4 3202 -79 163 0 0 0 303585 -68283 17440867 1473342664 612883
204 4 3202 -79 163 0 0 0 284447 -76195 17441511 1473342664 813247
204 4 3202 -79 163 0 0 0 291201 -71148 17441182 1473342665 13595
204 4 3202 -79 163 0 0 0 279803 -66917 17439315 1473342665 214638
204 4 3202 -79 163 0 0 0 294652 -68106 17441176 1473342665 415554
204 4 3202 -79 163 0 0 -1 265683 -79278 17438863 1473342665 616354
204 4 3202 -79 163 0 0 0 282790 -76801 17441599 1473342665 816764
204 4 3202 -79 163 0 0 0 256012 -78457 17438623 1473342666 17451
204 4 3202 -79 163 0 0 1 285234 -73511 17440349 1473342666 218182
204 4 3202 -79 163 0 0 -1 269769 -72877 17439484 1473342666 418597
204 4 3202 -79 163 0 0 0 286911 -74597 17441255 1473342666 619254
204 4 3202 -79 163 0 0 0 283689 -73399 17441110 1473342666 820098
204 4 3202 -79 163 0 0 0 293183 -75048 17443114 1473342667 21228
204 4 3202 -79 163 0 0 0 289244 -65365 17440000 1473342667 221476
204 4 3202 -79 163 0 0 0 284121 -74288 17440304 1473342667 421871
204 4 3202 -79 163 0 0 0 279958 -74347 17440710 1473342667 622703
204 4 3202 -79 163 0 0 0 284331 -70230 17439832 1473342667 823720
204 4 3202 -79 163 0 0 0 281209 -74229 17442055 1473342668 24720
204 4 3202 -79 163 0 0 0 288977 -63457 17441044 1473342668 225664
204 4 3202 -79 163 0 0 0 269729 -72453 17439557 1473342668 426617
204 4 3202 -79 163 0 0 0 265147 -81593 17441554 1473342668 627471
204 4 3202 -79 163 0 0 0 276991 -62307 17439212 1473342668 828242
204 4 3202 -79 163 0 0 0 295738 -64318 17441809 1473342669 28628
204 4 3202 -79 164 -1 0 5 311089 -181601 17453346 1473342669 229384
204 4 3202 -79 163 1 0 -5 273921 -67938 17438038 1473342669 429481
204 4 3202 -79 163 0 0 0 270990 -73580 17439927 1473342669 629875
204 4 3202 -79 164 -1 0 5 296655 -180731 17453058 1473342669 830813
204 4 3202 -79 163 0 0 -5 262237 -64862 17439040 1473342670 31771
204 4 3202 -79 163 0 0 0 269071 -75673 17439372 1473342670 232750
204 4 3202 -79 163 0 0 0 280276 -76300 17440763 1473342670 433744
204 4 3202 -79 163 0 0 0 290219 -78128 17442484 1473342670 634326
204 4 3202 -79 163 0 0 0 287322 -71466 17440182 1473342670 835043
204 4 3202 -79 163 0 0 0 279005 -72437 17440190 1473342671 35662
204 4 3202 -79 163 0 0 0 280905 -70128 17442171 1473342671 236651
204 4 3202 -79 163 1 0 0 345664 -124565 17454930 1473342671 437004
204 4 3202 -79 163 -1 0 0 282209 -72522 17440343 1473342671 637596
204 4 3202 -79 163 0 0 0 285034 -69452 17441706 1473342671 838036
204 4 3202 -79 163 0 0 0 283193 -65220 17440269 1473342672 38088
204 4 3202 -79 163 0 0 0 296743 -70775 17442027 1473342672 238104
204 4 3202 -79 163 0 0 0 289482 -60168 17440217 1473342672 439174
204 4 3202 -79 163 0 0 0 281642 -77178 17440535 1473342672 640002
204 4 3202 -79 163 0 0 0 288391 -65989 17440976 1473342672 840890
204 4 3202 -79 163 0 0 0 278422 -74018 17440318 1473342673 41810
204 4 3202 -79 163 0 0 0 268919 -71954 17437552 1473342673 242827
204 4 3202 -79 163 0 0 0 262707 -64257 17438413 1473342673 443697
204 4 3202 -79 163 0 0 0 289002 -75067 17442173 1473342673 644691
204 4 3202 -79 163 0 0 0 283444 -66989 17439756 1473342673 845892
204 4 3202 -79 163 0 0 0 273732 -69153 17438366 1473342674 46336
204 4 3202 -79 163 0 0 0 301474 -72929 17442618 1473342674 247118
204 4 3202 -79 163 0 0 0 275555 -68783 17439472 1473342674 447278
204 4 3202 -79 163 0 0 0 282217 -77657 17443596 1473342674 648319
204 4 3202 -79 163 0 0 0 282118 -70901 17440816 1473342674 849231
204 4 3202 -79 163 0 0 0 293431 -79794 17441897 1473342675 50018
204 4 3202 -79 163 0 0 0 281239 -65137 17438868 1473342675 251034
204 4 3202 -79 163 0 0 0 297353 -66127 17440182 1473342675 451404
204 4 3202 -79 163 0 0 0 303270 -70054 17441183 1473342675 652135
204 4 3202 -79 163 0 0 0 285037 -68966 17440478 1473342675 852349
204 4 3202 -79 163 0 0 0 282612 -72300 17441080 1473342676 52890
204 4 3202 -79 163 0 0 0 288192 -61792 17438905 1473342676 253766
204 4 3202 -79 163 0 0 0 282791 -70175 17440203 1473342676 453958
204 4 3202 -79 163 0 0 0 283444 -74403 17439876 1473342676 654331
204 4 3202 -79 163 0 0 0 269065 -69094 17438039 1473342676 854620
204 4 3202 -79 163 0 0 0 282729 -66908 17439513 1473342677 55426
204 4 3202 -79 163 0 0 0 287113 -72480 17438664 1473342677 256397
204 4 3202 -79 163 0 0 0 280964 -83542 17441928 1473342677 457563
204 4 3202 -79 163 0 0 0 279160 -78226 17441039 1473342677 658395
204 4 3202 -79 163 0 0 0 279738 -64708 17439425 1473342677 859181
204 4 3202 -79 163 0 0 0 276496 -73350 17441206 1473342678 59889
204 4 3202 -79 163 0 0 0 271705 -72570 17439632 1473342678 260323
204 4 3202 -79 163 0 0 0 278625 -72988 17440213 1473342678 461197
204 4 3202 -79 163 0 0 0 273567 -76442 17439666 1473342678 661907
204 4 3202 -79 163 0 0 0 295093 -72894 17440208 1473342678 862571
204 4 3202 -79 163 0 0 0 274000 -80595 17441062 1473342679 63684
204 4 3202 -79 163 0 0 0 281180 -77857 17439651 1473342679 264714
204 4 3202 -79 163 0 0 0 284011 -72306 17440957 1473342679 464964
204 4 3202 -79 163 0 0 0 295956 -75129 17440212 1473342679 665580
204 4 3202 -79 163 1 0 -1 379877 -160352 17464380 1473342679 866418
204 4 3202 -79 163 -1 0 1 294091 -68404 17440802 1473342680 67488
204 4 3202 -79 163 0 0 0 292091 -68616 17441015 1473342680 267634
204 4 3202 -79 163 0 0 -1 277977 -75430 17441207 1473342680 468689
204 4 3202 -79 163 0 0 0 282446 -69423 17438840 1473342680 669512
204 4 3202 -79 163 0 0 0 270322 -84297 17440224 1473342680 870505
204 4 3202 -79 163 0 0 0 272314 -68869 17439713 1473342681 70562
204 4 3202 -79 163 0 0 0 282171 -70187 17442103 1473342681 270857
204 4 3202 -79 163 0 0 0 277024 -70931 17441046 1473342681 471796
204 4 3202 -79 163 1 0 0 359299 -129007 17456347 1473342681 672826
204 4 3202 -79 163 -1 0 0 289096 -72585 17441060 1473342681 872979
204 4 3202 -79 163 0 0 0 269939 -78199 17439817 1473342682 73781
204 4 3202 -79 163 0 0 0 275928 -75560 17440062 1473342682 274811
204 4 3202 -79 163 0 0 0 279227 -73113 17440698 1473342682 475499
204 4 3202 -79 163 0 0 0 262152 -74276 17439737 1473342682 676470
204 4 3202 -79 163 0 0 1 288116 -75522 17441198 1473342682 876697
204 4 3202 -79 163 0 0 0 289727 -73879 17441423 1473342683 77416
204 4 3202 -79 163 0 0 0 271185 -75630 17440903 1473342683 277977
204 4 3202 -79 163 0 0 0 288105 -82278 17442926 1473342683 478637
204 4 3202 -79 163 0 0 0 280131 -65841 17439331 1473342683 679080
204 4 3202 -79 164 -1 0 5 299017 -183011 17453848 1473342683 879942
204 4 3202 -79 163 1 0 -5 263396 -72234 17439511 1473342684 80787
204 4 3202 -79 163 0 0 0 281535 -72271 17440306 1473342684 280939
204 4 3202 -79 163 0 0 0 287926 -63061 17440230 1473342684 481767
204 4 3202 -79 163 0 0 0 264332 -73938 17439358 1473342684 682200
204 4 3202 -79 163 0 0 0 275812 -72708 17440007 1473342684 883216
204 4 3202 -79 163 0 0 0 284826 -71517 17439189 1473342685 83655
204 4 3202 -79 163 0 0 0 273071 -79524 17440361 1473342685 284099
204 4 3202 -79 163 0 0 0 281370 -65768 17440436 1473342685 485164
204 4 3202 -79 163 0 0 0 275556 -71596 17438995 1473342685 686184
204 4 3202 -79 163 0 0 0 292066 -70590 17441084 1473342685 886833
204 4 3202 -79 163 0 0 0 279001 -76198 17440961 1473342686 87177
204 4 3202 -79 163 0 0 0 278543 -73361 17439746 1473342686 287180
204 4 3202 -79 163 0 0 0 274323 -73768 17440506 1473342686 488021
204 4 3202 -79 163 0 0 0 275669 -71460 17440763 1473342686 689112
204 4 3202 -79 163 0 0 0 291133 -81082 17440878 1473342686 890078
204 4 3202 -79 163 0 0 0 282148 -73755 17440322 1473342687 90906
204 4 3202 -79 163 0 0 0 295983 -78267 17442826 1473342687 292047
204 4 3202 -79 163 0 0 0 298646 -83063 17443174 1473342687 493084
204 4 3202 -79 163 0 0 0 311982 -80002 17443955 1473342687 693844
204 4 3202 -79 163 0 0 0 281261 -76886 17442439 1473342687 894894
204 4 3202 -79 163 0 0 0 285904 -71473 17441715 1473342688 95194
204 4 3202 -79 163 0 0 0 273288 -76370 17440233 1473342688 295260
204 4 3202 -79 164 -1 0 5 296754 -180018 17453491 1473342688 495897
204 4 3202 -79 163 1 0 -6 260516 -76571 17439889 1473342688 696262
204 4 3202 -79 163 0 0 0 278176 -74072 17440552 1473342688 897348
204 4 3202 -79 163 0 0 0 277313 -67967 17439825 1473342689 98082
204 4 3202 -79 163 0 0 0 281121 -81922 17441186 1473342689 298443
204 4 3202 -79 163 0 0 0 293066 -72746 17442369 1473342689 499107
204 4 3202 -79 163 0 0 0 278222 -79466 17441165 1473342689 700084
204 4 3202 -79 164 0 0 4 301413 -195044 17455182 1473342689 900357
204 4 3202 -79 163 0 0 -4 291399 -76595 17443219 1473342690 101192
204 4 3202 -79 163 0 0 0 291235 -77700 17441942 1473342690 301376
204 4 3202 -79 163 0 0 0 294879 -64975 17440737 1473342690 502289
204 4 3202 -79 163 0 0 0 288523 -65212 17440955 1473342690 703403
204 4 3202 -79 163 0 0 0 281272 -75737 17439964 1473342690 903551
204 4 3202 -79 163 1 0 0 351415 -123841 17457171 1473342691 104511
204 4 3202 -79 164 -2 0 5 309621 -174997 17451711 1473342691 305647
204 4 3202 -79 163 0 0 -4 282525 -75297 17441072 1473342691 506245
204 4 3202 -79 163 0 0 0 277614 -67941 17440655 1473342691 706450
204 4 3202 -79 163 0 0 0 283164 -69517 17440316 1473342691 907670
204 4 3202 -79 163 0 0 0 290457 -64885 17